2
5
6
7
9
11
12
13
14
15
17
18
19
20
21
22
23
24
26
27
28
29
30
32
33
34
35
36
37
38
39
40
41
42
43
44
45
46
48
49
50
51
52
54
55
56
58
59
62
64
65
67
68
69
70
71
72
73
74
75
76
77
78
79
81
82
84
87
88
90
91
92
93
94
95
97
98
99
101
102
103
105
106
107
108
109
110
111
112
116
117
118
119
120
121
122
123
125
126
127
128
129
130
131
132
133
134
139
140
141
142
143
144
145
147
148
150
153
154
155
157
158
159
160
175
176
183
185
187
188
189
195
196
197
206
216
223
233
236
239
240
258
260
268
270
282
286
297
302
303
307
314
316
318
343
347
351
352
360
361
363
364
365
380
384
385
387
389
392
394
395
397
400
406
408
409
410
416
424
426
427
430
431
434
438
441
442
454
456
458
460
463
468
470
472
480
483
484
485
486
487
493
498
502
505
506
508
509
513
515
517
521
525
526
532
533
542
551
554
571
596
597
599
602
609
613
624
627
629
637
638
643
645
646
647
650
651
652
654
655
679
690
692
711
724
727
730
757
762
768
775
781
785
788
798
805
806
807
811
823
829
836
850
851
857
866
867
869
873
874
875
876
877
880
882
884
885
901
903
907
910
913
914
918
921
924
931
934
935
937
942
949
966
967
981
994
1007
1012
1016
1022
1032
1033
1040
1048
1050
1052
1058
1059
1062
1070
1071
1075
1076
1079
1080
1083
1086
1087
1094
1096
1097
1102
1104
1105
1106
1109
1111
1114
1123
1125
1126
1127
1130
1133
1135
1143
1144
1145
1146
1148
1150
1154
1155
1156
1169
1171
1175
1176
1181
1187
1191
1194
1199
1205
1208
1213
1214
1215
1218
1220
1223
1231
1234
1236
1237
1259
1263
1264
1267
1268
1273
1278
1281
1283
1284
1286
1294
1297
1299
1301
1308
1310
1312
1316
1317
1319
1321
1331
1333
1334
1339
1344
1346
1348
1352
1353
1354
1363
1366
1373
1374
1381
1384
1387
1392
1399
1400
1402
1404
1409
1415
1416
1417
1420
1422
1428
1429
1430
1432
1435
1436
1442
1444
1445
1446
1451
1454
1455
1468
1474
1480
1482
1487
1492
1495
1496
1497
1505
1508
1515
1517
1523
1525
1532
1537
1547
1549
1550
1555
1557
1560
1568
1572
1577
1580
1588
1589
1596
1597
1598
1604
1605
1606
1617
1629
1630
1655
1656
1657
1665
1689
1706
1707
1719
1721
1723
1725
1731
1736
1737
1739
1740
1742
1744
1745
1747
1751
1752
1755
1757
1758
1759
1760
1764
1766
1767
1769
1771
1772
1773
1775
1776
1787
1788
1802
1803
1807
1814
1818
1822
1824
1826
1827
1836
1841
1843
1858
1865
1866
1868
1871
1876
1881
1884
1891
1894
1908
1910
1915
1919
1925
1926
1927
1932
1933
1937
1943
1957
1960
1961
1970
1977
1978
1979
1981
1983
1995
1999
2000
2003
2016
2017
2024
2028
2041
2046
2047
2048
2049
2053
2055
2060
2062
2064
2079
2081
2082
2084
2088
2101
2102
2104
2105
2107
2110
2111
2113
2115
2120
2123
2126
2133
2144
2145
2146
2150
2159
2181
2192
2199
2200
2206
2209
2222
2223
2225
2226
2227
2232
2233
2236
2245
2247
2253
2254
2256
2261
2262
2269
2273
2286
2299
2305
2306
2312
2315
2317
2324
2331
2332
2333
2335
2338
2339
2340
2341
2343
2345
2349
2357
2359
2361
2363
2366
2368
2369
2372
2373
2374
2377
2385
2389
2395
2399
2401
2407
2412
2413
2414
2423
2424
2425
2436
2437
2444
2449
2458
2465
2469
2474
2478
2480
2483
2484
2489
2490
2491
2492
2496
2503
2508
2518
2521
2531
2533
2535
2541
2545
2551
2557
2559
2563
2573
2575
2576
2587
2593
2596
2608
2616
2621
2636
2638
2640
2642
2649
2651
2653
2659
2664
2666
2667
2687
2691
2694
2701
2707
2710
2718
2726
2727
2735
2738
2740
2748
2761
2766
2773
2775
2778
2779
2786
2792
2793
2796
2797
2801
2808
2809
2813
2818
2821
2823
2827
2831
2838
2841
2842
2845
2849
2854
2856
2857
2858
2861
2862
2868
2869
2874
2875
2878
2880
2899
2904
2909
2911
2914
2916
2917
2918
2920
2921
2923
2924
2937
2939
2944
2949
2950
2954
2955
2959
2963
2967
2968
2969
2970
2971
2972
2982
2983
2984
2986
2993
3010
3011
3013
3015
3020
3022
3029
3034
3036
3037
3045
3046
3049
3057
3062
3064
3066
3067
3069
3072
3073
3076
3077
3079
3081
3086
3089
3091
3093
3095
3101
3107
3110
3121
3122
3124
3126
3135
3138
3143
3145
3146
3148
3149
3152
3154
3155
3157
3166
3183
3185
3186
3188
3191
3195
3197
3201
3203
3204
3209
3218
3219
3220
3221
3224
3232
3242
3255
3256
3259
3269
3278
3279
3280
3281
3284
3288
3291
3294
3297
3300
3301
3308
3310
3311
3312
3313
3315
3316
3317
3322
3324
3325
3328
3338
3343
3345
3346
3348
3357
3359
3360
3361
3367
3370
3374
3375
3381
3382
3385
3388
3391
3394
3397
3399
3400
3402
3405
3407
3408
3409
3411
3418
3422
3424
3426
3427
3428
3437
3445
3447
3451
3456
3457
3461
3464
3476
3477
3481
3487
3489
3490
3502
3505
3512
3520
3522
3539
3544
3547
3548
3552
3553
3554
3561
3570
3571
3572
3575
3583
3600
3602
3605
3610
3612
3616
3617
3622
3623
3649
3661
3668
3669
3679
3681
3682
3683
3685
3686
3687
3701
3703
3704
3708
3710
3722
3723
3730
3735
3736
3744
3760
3767
3769
3773
3774
3776
3777
3782
3784
3786
3790
3792
3795
3797
3798
3800
3801
3819
3825
3827
3833
3838
3844
3845
3852
3853
3854
3855
3856
3857
3858
3861
3867
3876
3877
3878
3879
3880
3884
3886
3887
3892
3895
3898
3902
3903
3908
3917
3920
3922
3925
3926
3928
3933
3934
3935
3938
3939
3942
3947
3948
3950
3951
3954
3955
3956
3958
3959
3960
3963
3967
3968
3970
3971
3976
3977
3980
3983
3984
3985
3986
3988
3991
3994
3996
3999
4007
4011
4015
4020
4023
4024
4028
4031
4036
4038
4039
4044
4046
4054
4061
4062
4066
4067
4068
4069
4070
4072
4073
4074
4075
4076
4077
4081
4084
4085
4089
4090
4094
4097
4099
4100
4101
4103
4106
4108
4112
4117
4120
4129
4131
4132
4134
4135
4136
4137
4139
4140
4141
4143
4145
4146
4147
4148
4149
4151
4156
4157
4159
4165
4166
4167
4168
4170
4171
4172
4173
4175
4180
4182
4187
4189
4190
4191
4194
4195
4196
4201
4220
4223
4228
4236
4239
4248
4251
4260
4273
4276
4279
4280
4291
4292
4303
4306
4307
4308
4312
4315
4318
4320
4322
4325
4326
4331
4335
4336
4340
4341
4348
4351
4353
4354
4360
4362
4365
4367
4369
4370
4372
4373
4375
4379
4380
4385
4386
4393
4394
4401
4414
4418
4428
4431
4432
4451
4455
4458
4461
4462
4464
4465
4466
4476
4477
4485
4487
4489
4490
4501
4510
4514
4516
4518
4520
4527
4529
4530
4531
4533
4534
4543
4545
4547
4549
4550
4551
4554
4556
4557
4565
4566
4567
4571
4575
4580
4583
4593
4596
4598
4599
4600
4603
4615
4631
4633
4635
4639
4642
4653
4658
4659
4665
4669
4677
4678
4683
4685
4692
4695
4696
4699
4706
4712
4714
4716
4717
4721
4722
4723
4724
4737
4750
4753
4755
4758
4764
4767
4769
4771
4772
4776
4778
4782
4787
4788
4789
4791
4792
4795
4804
4808
4810
4811
4812
4817
4818
4820
4825
4829
4833
4836
4838
4844
4846
4849
4851
4853
4857
4858
4859
4865
4866
4870
4871
4873
4878
4880
4882
4883
4887
4888
4890
4891
4894
4897
4901
4903
4907
4909
4914
4915
4917
4919
4920
4921
4929
4937
4939
4940
4948
4955
4958
4959
4962
4966
4968
4969
4972
4973
4974
4975
4978
4981
4985
4994
4998
4999
5005
5007
5009
5010
5015
5016
5023
5026
5028
5029
5031
5032
5033
5038
5042
5052
5069
5071
5072
5075
5076
5077
5081
5086
5089
5093
5094
5096
5098
5099
5100
5102
5105
5106
5107
5108
5112
5113
5114
5117
5118
5122
5124
5125
5130
5131
5144
5146
5153
5157
5168
5169
5175
5176
5177
5182
5207
5208
5209
5214
5215
5218
5222
5223
5225
5227
5230
5232
5233
5234
5237
5238
5239
5241
5245
5247
5250
5251
5254
5255
5256
5259
5260
5261
5264
5271
5272
5273
5277
5279
5289
5290
5292
5298
5308
5311
5312
5315
5316
5317
5323
5324
5326
5327
5328
5329
5332
5337
5342
5348
5350
5359
5366
5369
5370
5384
5392
5393
5395
5399
5400
5401
5402
5405
5407
5410
5411
5428
5429
5446
5447
5448
5455
5456
5465
5468
5470
5483
5486
5489
5491
5492
5495
5507
5508
5512
5513
5519
5539
5541
5545
5546
5553
5556
5559
5561
5566
5570
5574
5575
5580
5583
5585
5591
5592
5598
5600
5602
5609
5621
5623
5633
5640
5648
5658
5659
5674
5677
5684
5696
5701
5702
5705
5707
5708
5713
5719
5720
5721
5727
5731
5739
5740
5741
5745
5746
5747
5761
5764
5765
5766
5767
5768
5770
5775
5780
5790
5800
5808
5809
5811
5813
5814
5820
5822
5823
5842
5847
5851
5853
5854
5855
5856
5857
5871
5884
5889
5890
5891
5899
5903
5904
5908
5911
5912
5920
5924
5927
5942
5947
5952
5955
5959
6047
6049
6056
6061
6065
6066
6068
6069
6070
6076
6079
6080
6081
6082
6084
6088
6089
6091
6092
6107
6108
6109
6112
6115
6125
6127
6130
6131
6140
6141
6143
6147
6154
6156
6164
6167
6168
6169
6171
6179
6183
6184
6191
6193
6194
6196
6199
6200
6201
6205
6206
6210
6215
6216
6230
6231
6238
6239
6240
6242
6243
6244
6245
6255
6261
6266
6268
6276
6278
6280
6281
6282
6287
6288
6292
6295
6296
6297
6298
6301
6304
6313
6319
6323
6335
6336
6343
6350
6354
6358
6361
6368
6370
6371
6377
6383
6385
6391
6395
6400
6401
6402
6403
6408
6411
6413
6414
6419
6425
6426
6430
6438
6439
6442
6443
6450
6451
6452
6454
6460
6462
6465
6468
6471
6480
6483
6484
6488
6491
6494
6496
6499
6500
6501
6503
6505
6506
6509
6510
6517
6519
6522
6524
6525
6526
6528
6529
6533
6534
6546
6552
6563
6568
6574
6576
6580
6583
6585
6586
6587
6590
6591
6596
6601
6602
6604
6606
6609
6612
6613
6615
6629
6633
6634
6635
6636
6642
6646
6649
6657
6658
6659
6661
6669
6671
6672
6676
6685
6688
6689
6690
6699
6701
6702
6709
6711
6713
6714
6716
6717
6719
6720
6721
6722
6743
6745
6754
6761
6764
6765
6776
6777
6779
6781
6785
6786
6790
6792
6795
6808
6817
6824
6833
6839
6845
6846
6850
6851
6855
6858
6860
6863
6877
6878
6879
6881
6885
6888
6897
6906
6909
6911
6917
6925
6929
6932
6933
6938
6940
6941
6950
6953
6957
6958
6968
6970
6978
6981
6982
6985
6987
6991
6994
6995
6996
7008
7010
7011
7012
7022
7023
7028
7031
7033
7040
7043
7051
7063
7065
7068
7069
7070
7073
7082
7086
7087
7089
7090
7093
7094
7097
7098
7100
7104
7106
7114
7119
7122
7124
7126
7127
7128
7130
7135
7137
7138
7150
7157
7159
7163
7166
7181
7182
7183
7184
7186
7196
7203
7206
7212
7214
7218
7225
7235
7238
7240
7247
7249
7250
7264
7267
7272
7273
7277
7278
7294
7295
7298
7309
7310
7311
7318
7319
7329
7330
7333
7338
7340
7341
7351
7353
7356
7359
7367
7370
7372
7374
7378
7379
7381
7385
7386
7391
7394
7396
7397
7398
7400
7407
7409
7414
7417
7419
7420
7422
7424
7430
7433
7438
7441
7443
7447
7456
7461
7462
7463
7464
7477
7479
7485
7486
7489
7491
7492
7494
7497
7499
7500
7502
7507
7509
7514
7516
7517
7520
7523
7525
7527
7530
7531
7534
7536
7542
7545
7549
7552
7553
7555
7559
7562
7564
7576
7579
7586
7588
7591
7606
7612
7613
7616
7628
7630
7631
7638
7639
7640
7641
7643
7647
7649
7650
7660
7661
7663
7667
7669
7675
7676
7677
7682
7685
7696
7703
7705
7706
7711
7721
7722
7723
7733
7735
7740
7742
7745
7748
7754
7755
7759
7760
7763
7770
7771
7777
7784
7786
7789
7794
7795
7800
7802
7806
7809
7814
7815
7820
7823
7824
7825
7827
7830
7837
7838
7841
7843
7845
7850
7854
7855
7859
7861
7862
7863
7867
7870
7871
7874
7875
7876
7877
7879
7880
7883
7886
7889
7891
7898
7901
7907
7910
7911
7914
7915
7923
7927
7934
7938
7939
7940
7947
7959
7962
7965
7974
7977
7980
7982
7988
7990
7994
7995
7996
7998
7999
8002
8008
8011
8012
8015
8019
8023
8025
8031
8033
8040
8049
8052
8053
8055
8056
8058
8064
8067
8068
8072
8074
8079
8084
8085
8090
8093
8094
8098
8100
8103
8104
8105
8107
8110
8111
8112
8116
8117
8121
8122
8123
8124
8125
8126
8127
8128
8129
8132
8137
8140
8141
8143
8144
8146
8148
8152
8153
8155
8158
8159
8161
8162
8163
8166
8170
8172
8176
8177
8179
8182
8185
8187
8195
8197
8202
8205
8206
8207
8211
8217
8218
8219
8230
8231
8233
8236
8243
8246
8248
8250
8253
8260
8263
8265
8273
8275
8276
8278
8282
8284
8290
8291
8292
8293
8294
8295
8300
8306
8309
8311
8320
8323
8324
8325
8330
8332
8336
8338
8339
8343
8344
8356
8360
8367
8368
8376
8388
8391
8395
8396
8398
8401
8403
8404
8408
8418
8419
8421
8426
8428
8429
8431
8432
8433
8438
8440
8445
8449
8450
8453
8456
8460
8461
8465
8467
8474
8475
8478
8484
8486
8487
8488
8492
8499
8500
8501
8502
8508
8512
8517
8525
8527
8528
8530
8532
8537
8545
8548
8549
8551
8552
8553
8554
8555
8556
8558
8560
8564
8569
8570
8572
8574
8596
8599
8619
8622
8623
8625
8627
8636
8639
8640
8641
8643
8647
8648
8651
8654
8656
8660
8668
8673
8674
8686
8688
8696
8698
8700
8705
8706
8707
8709
8717
8719
8720
8721
8722
8727
8728
8730
8740
8743
8744
8745
8747
8752
8753
8755
8758
8759
8760
8761
8763
8765
8769
8770
8771
8778
8781
8782
8794
8796
8798
8799
8801
8803
8805
8807
8809
8812
8814
8818
8819
8827
8829
8831
8834
8838
8839
8841
8843
8844
8856
8863
8868
8870
8872
8877
8878
8881
8884
8887
8892
8898
8899
8903
8906
8910
8918
8919
8922
8924
8925
8927
8930
8932
8939
8944
8946
8951
8952
8962
8963
8967
8968
8970
8985
8988
8991
8993
8996
9002
9003
9004
9005
9006
9009
9012
9020
9023
9035
9037
9039
9042
9044
9049
9050
9055
9056
9061
9062
9063
9064
9065
9079
9083
9086
9089
9095
9096
9098
9099
9104
9105
9117
9118
9119
9120
9124
9129
9132
9153
9154
9161
9162
9165
9166
9174
9175
9176
9178
9179
9182
9187
9188
9196
9198
9200
9203
9214
9225
9233
9237
9240
9241
9258
9261
9266
9268
9272
9279
9280
9283
9284
9290
9292
9295
9304
9310
9313
9314
9321
9323
9326
9334
9335
9341
9343
9347
9349
9357
9358
9360
9361
9363
9368
9373
9376
9379
9383
9386
9387
9388
9389
9390
9392
9393
9394
9398
9400
9403
9406
9408
9414
9415
9416
9418
9421
9423
9426
9427
9433
9435
9436
9438
9439
9440
9441
9445
9446
9447
9449
9450
9460
9461
9466
9467
9480
9481
9486
9487
9492
9494
9500
9503
9522
9523
9525
9530
9536
9545
9547
9550
9551
9554
9565
9569
9573
9580
9581
9582
9598
9602
9603
9609
9615
9620
9623
9626
9631
9632
9633
9637
9643
9646
9649
9672
9674
9678
9679
9689
9693
9699
9700
9701
9703
9712
9718
9720
9723
9726
9731
9737
9739
9740
9743
9747
9750
9751
9752
9754
9757
9768
9769
9778
9791
9797
9798
9799
9800
9811
9817
9821
9822
9823
9825
9826
9830
9834
9849
9871
9873
9874
9875
9882
9883
9884
9886
9888
9892
9894
9899
9900
9903
9910
9916
9919
9920
9922
9924
9929
9938
9939
9950
9955
9956
9957
9967
9968
9972
9978
9980
9981
9984
9985
9986
9988
9991
9996
9999
10001
10005
10006
10007
10010
10011
10012
10013
10014
10018
10021
10022
10023
10032
10033
10037
10043
10044
10046
10052
10053
10057
10059
10064
10066
10070
10071
10072
10073
10076
10084
10085
10087
10089
10091
10095
10097
10098
10100
10104
10105
10107
10109
10110
10111
10112
10114
10116
10118
10122
10126
10127
10129
10134
10141
10142
10144
10146
10148
10150
10151
10155
10159
10161
10163
10170
10183
10195
10202
10208
10211
10215
10220
10222
10224
10230
10231
10240
10248
10256
10257
10258
10264
10269
10273
10274
10281
10282
10286
10289
10291
10292
10294
10295
10300
10301
10306
10308
10309
10310
10316
10322
10323
10325
10326
10327
10329
10330
10336
10337
10356
10358
10359
10362
10363
10367
10370
10376
10380
10389
10398
10399
10405
10406
10407
10413
10414
10420
10428
10433
10434
10446
10453
10457
10460
10462
10463
10466
10474
10476
10477
10478
10487
10490
10495
10496
10502
10508
10510
10515
10520
10522
10525
10530
10531
10533
10549
10557
10558
10565
10569
10571
10572
10575
10584
10587
10588
10593
10595
10597
10600
10601
10617
10619
10622
10627
10631
10639
10640
10644
10646
10647
10648
10651
10653
10661
10663
10668
10669
10672
10680
10681
10684
10690
10692
10694
10697
10701
10704
10709
10714
10716
10717
10718
10720
10726
10727
10735
10741
10742
10747
10757
10762
10763
10766
10767
10768
10769
10771
10778
10780
10795
10797
10804
10808
10816
10817
10822
10824
10825
10827
10838
10839
10841
10843
10846
10849
10858
10859
10866
10867
10868
10869
10870
10880
10881
10882
10883
10886
10891
10892
10904
10908
10909
10910
10914
10915
10916
10917
10918
10919
10926
10931
10934
10937
10939
10941
10942
10954
10973
10985
10987
10989
10990
10991
10996
11004
11005
11008
11010
11011
11015
11020
11024
11028
11029
11035
11042
11049
11053
11059
11067
11075
11079
11087
11095
11102
11104
11110
11111
11114
11115
11118
11120
11124
11125
11127
11131
11136
11137
11150
11154
11155
11157
11161
11163
11177
11178
11179
11182
11186
11190
11193
11199
11201
11203
11204
11208
11210
11214
11217
11219
11221
11237
11240
11244
11248
11249
11251
11252
11257
11263
11265
11266
11267
11276
11277
11279
11280
11286
11287
11289
11295
11297
11298
11300
11311
11314
11319
11324
11325
11328
11329
11337
11339
11358
11361
11364
11370
11373
11377
11379
11382
11384
11386
11390
11391
11392
11399
11402
11403
11404
11407
11409
11413
11414
11417
11422
11437
11453
11460
11462
11465
11469
11489
11499
11502
11508
11513
11517
11521
11526
11528
11529
11533
11534
11536
11541
11543
11550
11557
11565
11568
11571
11572
11573
11577
11579
11580
11582
11585
11590
11592
11594
11600
11602
11605
11607
11608
11610
11611
11614
11617
11619
11647
11650
11653
11655
11656
11662
11663
11670
11674
11678
11686
11694
11695
11698
11707
11708
11713
11717
11732
11738
11740
11743
11760
11761
11762
11763
11764
11767
11768
11770
11773
11774
11776
11781
11783
11789
11790
11797
11808
11813
11814
11824
11825
11827
11832
11836
11837
11838
11842
11847
11850
11863
11870
11874
11878
11893
11894
11904
11905
11906
11908
11910
11913
11914
11915
11916
11917
11923
11928
11929
11930
11932
11933
11938
11941
11950
11951
11953
11955
11956
11965
11969
11973
11977
11979
11987
11988
11991
11992
12003
12007
12010
12011
12017
12018
12019
12030
12031
12032
12037
12039
12042
12044
12046
12048
12055
12056
12057
12058
12061
12062
12063
12064
12073
12077
12078
12086
12092
12093
12098
12099
12100
12103
12107
12109
12112
12113
12114
12119
12121
12136
12137
12144
12145
12146
12149
12151
12152
12156
12157
12164
12177
12178
12179
12181
12182
12183
12185
12187
12188
12189
12191
12193
12195
12196
12198
12200
12201
12202
12218
12219
12221
12224
12232
12233
12241
12250
12258
12265
12266
12271
12272
12277
12279
12282
12284
12293
12299
12308
12310
12311
12315
12317
12321
12325
12327
12331
12336
12342
12350
12351
12352
12354
12358
12359
12360
12361
12364
12365
12366
12367
12368
12369
12371
12382
12383
12389
12396
12397
12399
12407
12410
12416
12418
12419
12420
12421
12431
12452
12457
12462
12468
12469
12483
12486
12490
12498
12506
12509
12513
12514
12519
12520
12525
12527
12529
12530
12532
12533
12536
12537
12541
12543
12556
12570
12571
12588
12596
12609
12611
12634
12636
12638
12639
12640
12641
12643
12644
12646
12649
12661
12671
12683
12688
12697
12701
12702
12705
12708
12709
12713
12715
12717
12720
12724
12726
12731
12733
12734
12739
12746
12747
12748
12751
12753
12756
12762
12766
12768
12770
12773
12774
12775
12776
12786
12787
12792
12793
12797
12802
12811
12814
12818
12821
12832
12833
12838
12844
12845
12850
12855
12860
12861
12863
12875
12876
12877
12878
12885
12887
12903
12905
12908
12913
12915
12918
12919
12921
12925
12927
12935
12937
12942
12947
12950
12956
12958
12961
12966
12967
12972
12975
12992
12996
13000
13012
13015
13016
13027
13029
13030
13031
13034
13039
13046
13047
13051
13053
13056
13063
13071
13077
13086
13087
13091
13092
13093
13097
13099
13100
13102
13106
13110
13114
13126
13131
13133
13140
13145
13150
13164
13165
13167
13170
13173
13175
13177
13178
13180
13201
13207
13209
13216
13219
13220
13232
13236
13243
13245
13246
13249
13261
13269
13276
13282
13286
13287
13289
13301
13305
13313
13317
13320
13327
13329
13334
13337
13345
13349
13350
13351
13353
13354
13372
13373
13383
13386
13387
13388
13389
13393
13397
13399
13400
13407
13415
13416
13422
13423
13425
13430
13432
13433
13435
13440
13441
13447
13448
13450
13452
13454
13456
13462
13463
13464
13469
13471
13475
13476
13479
13484
13485
13487
13488
13494
13495
13496
13500
13502
13505
13507
13520
13521
13525
13528
13530
13533
13536
13537
13540
13545
13547
13548
13549
13552
13554
13559
13566
13575
13577
13578
13588
13589
13591
13593
13594
13595
13598
13600
13602
13613
13624
13641
13642
13643
13646
13649
13659
13664
13665
13667
13680
13681
13688
13689
13690
13691
13696
13698
13700
13712
13717
13722
13723
13724
13726
13727
13730
13731
13732
13739
13744
13746
13748
13751
13753
13754
13757
13760
13762
13773
13791
13797
13801
13804
13805
13810
13811
13821
13822
13824
13825
13826
13828
13829
13830
13832
13833
13835
13838
13839
13849
13853
13854
13858
13860
13864
13870
13875
13880
13882
13885
13886
13887
13888
13889
13890
13891
13893
13894
13897
13903
13906
13910
13916
13920
13925
13941
13943
13949
13951
13954
13964
13965
13969
13977
13978
13982
13987
13988
13993
13994
13995
14000
14013
14016
14026
14031
14039
14040
14041
14043
14047
14048
14049
14052
14053
14054
14059
14064
14067
14073
14074
14076
14077
14082
14083
14084
14087
14092
14097
14098
14105
14113
14116
14117
14120
14122
14130
14132
14134
14135
14141
14142
14144
14146
14153
14155
14156
14160
14163
14166
14167
14168
14170
14173
14174
14176
14184
14187
14189
14190
14191
14192
14193
14194
14195
14199
14200
14202
14203
14204
14210
14212
14213
14215
14219
14222
14225
14227
14237
14239
14242
14248
14255
14260
14265
14268
14276
14278
14279
14280
14284
14286
14287
14292
14294
14296
14297
14306
14321
14325
14338
14343
14344
14346
14348
14350
14362
14383
14386
14387
14388
14389
14410
14415
14416
14418
14427
14430
14431
14436
14437
14439
14440
14441
14442
14445
14446
14447
14452
14453
14454
14457
14458
14464
14466
14473
14475
14477
14482
14486
14487
14505
14507
14514
14515
14519
14521
14526
14529
14536
14539
14545
14566
14568
14578
14597
14598
14603
14605
14606
14608
14614
14615
14617
14625
14627
14631
14633
14637
14641
14643
14644
14645
14647
14651
14653
14656
14666
14670
14672
14676
14678
14681
14688
14689
14696
14697
14698
14700
14703
14705
14707
14708
14712
14735
14739
14745
14747
14748
14749
14750
14752
14753
14754
14755
14760
14761
14764
14768
14774
14775
14779
14780
14781
14792
14795
14803
14806
14807
14838
14843
14844
14845
14874
14878
14880
14882
14887
14892
14894
14895
14900
14901
14903
14908
14916
14920
14923
14926
14928
14930
14931
14935
14936
14943
14944
14947
14948
14950
14952
14954
14966
14969
14971
14973
14978
14991
15003
15007
15010
15012
15013
15017
15020
15021
15028
15029
15037
15040
15041
15043
15048
15050
15054
15056
15062
15064
15069
15071
15078
15079
15095
15103
15107
15108
15109
15112
15121
15124
15131
15138
15140
15143
15144
15146
15154
15157
15159
15161
15163
15168
15169
15173
15175
15176
15177
15180
15183
15184
15186
15187
15188
15190
15191
15193
15195
15197
15198
15199
15208
15212
15213
15223
15224
15225
15226
15227
15228
15231
15233
15234
15235
15240
15242
15243
15245
15246
15247
15251
15252
15254
15258
15261
15264
15267
15269
15271
15273
15274
15275
15283
15287
15288
15289
15290
15294
15296
15301
15304
15306
15307
15311
15319
15336
15340
15341
15346
15353
15354
15358
15366
15367
15371
15372
15383
15384
15391
15396
15400
15402
15403
15410
15411
15412
15416
15435
15436
15438
15439
15445
15446
15465
15466
15467
15470
15471
15472
15474
15475
15476
15483
15488
15495
15498
15501
15502
15504
15505
15510
15511
15513
15515
15522
15523
15524
15525
15526
15531
15534
15535
15537
15540
15541
15545
15546
15547
15549
15550
15551
15553
15554
15556
15561
15564
15567
15568
15569
15571
15573
15574
15577
15578
15579
15580
15582
15583
15584
15589
15593
15594
15597
15600
15609
15610
15611
15613
15614
15616
15623
15631
15633
15636
15637
15645
15646
15653
15654
15655
15656
15657
15658
15664
15665
15666
15669
15670
15674
15679
15683
15685
15688
15689
15692
15693
15695
15699
15701
15703
15705
15707
15711
15716
15718
15721
15723
15725
15728
15740
15741
15745
15751
15752
15754
15755
15757
15759
15761
15762
15763
15764
15765
15768
15769
15773
15774
15778
15781
15788
15789
15793
15794
15809
15812
15820
15823
15836
15843
15844
15845
15846
15851
15854
15869
15873
15877
15889
15890
15897
15901
15905
15906
15908
15910
15917
15919
15942
15944
15952
15954
15955
15962
15963
15965
15973
15974
15976
15977
15978
15979
15982
15984
15985
15990
15991
15993
15994
15995
15998
15999
16000
16001
16004
16009
16010
16014
16018
16020
16021
16026
16049
16052
16080
16094
16096
16098
16099
16113
16114
16115
16117
16118
16124
16125
16126
16127
16138
16139
16140
16146
16175
16181
16186
16188
16233
16235
16254
16265
16266
16277
16281
16283
16285
16286
16290
16291
16295
16299
16304
16310
16315
16321
16336
16338
16342
16343
16347
16348
16350
16357
16359
16373
16374
16378
16384
16393
16395
16400
16409
16423
16427
16429
16435
16442
16443
16445
16450
16454
16459
16461
16475
16486
16487
16496
16503
16505
16508
16509
16510
16514
16516
16517
16518
16519
16528
16529
16554
16555
16581
16588
16601
16605
16606
16607
16609
16611
16625
16626
16627
16631
16634
16638
16651
16665
16671
16677
16679
16681
16682
16740
16742
16747
16827
16867
16869
16873
16877
16887
16888
16889
16908
16920
16921
16927
16931
16944
16945
16948
16949
16954
16956
16957
16961
16963
16965
16967
16968
16975
16978
16984
17009
17017
17040
17044
17055
17057
17073
17097
17099
17101
17104
17106
17108
17109
17114
17119
17132
17133
17161
17164
17171
17179
17186
17189
17195
17197
17206
17214
17224
17237
17238
17240
17241
17242
17246
17263
17266
17267
17269
17271
17277
17279
17286
17293
17294
17299
17307
17309
17315
17318
17323
17334
17338
17343
17358
17361
17365
17369
17372
17389
17390
17396
17403
17405
17406
17412
17413
17423
17437
17440
17469
17473
17479
17480
17486
17489
17491
17493
17496
17503
17506
17508
17512
17516
17555
17565
17567
17568
17577
17578
17579
17586
17603
17604
17605
17622
17634
17646
17659
17665
17679
17686
17687
17694
17695
17699
17703
17714
17727
17734
17735
17737
17774
17783
17792
17801
17819
17824
17829
17830
17832
17836
17838
17839
17843
17857
17858
17864
17870
17872
17880
17881
17884
17889
17902
17905
17906
17909
17913
17922
17925
17927
17929
17930
17933
17934
17936
17946
17956
17970
17983
17999
18004
18006
18014
18017
18023
18024
18027
18042
18045
18050
18051
18052
18053
18056
18062
18070
18075
18076
18080
18081
18084
18085
18088
18097
18098
18099
18100
18101
18102
18110
18111
18113
18116
18118
18128
18132
18133
18138
18141
18162
18166
18172
18175
18183
18184
18185
18186
18200
18216
18218
18219
18226
18230
18250
18255
18256
18264
18265
18267
18274
18276
18284
18290
18291
18305
18314
18323
18324
18341
18347
18348
18357
18387
18388
18403
18411
18425
18426
18438
18447
18448
18461
18466
18468
18470
18473
18474
18486
18496
18498
18530
18540
18548
18557
18563
18575
18577
18578
18579
18582
18584
18585
18586
18593
18594
18602
18610
18611
18616
18618
18619
18622
18623
18625
18645
18647
18651
18675
18687
18694
18696
18703
18706
18709
18710
18714
18716
18722
18729
18731
18738
18747
18749
18750
18751
18752
18753
18756
18757
18760
18761
18764
18767
18775
18785
18788
18789
18792
18794
18798
18800
18802
18819
18822
18825
18829
18830
18835
18840
18842
18844
18846
18848
18851
18852
18854
18857
18859
18860
18875
18881
18882
18885
18886
18887
18892
18904
18906
18912
18919
18923
18924
18928
18930
18934
18936
18939
18940
18941
18944
18952
18955
18959
18961
18963
18978
18979
18982
18984
18986
18987
18997
19003
19004
19007
19008
19009
19014
19018
19024
19025
19029
19030
19031
19032
19033
19034
19035
19036
19038
19040
19048
19049
19053
19055
19057
19066
19069
19070
19071
19073
19078
19089
19094
19109
19110
19113
19118
19119
19122
19125
19126
19135
19139
19146
19153
19157
19159
19160
19161
19164
19173
19174
19175
19176
19179
19180
19182
19183
19184
19186
19188
19191
19192
19196
19199
19202
19204
19205
19207
19211
19216
19225
19226
19230
19232
19244
19245
19250
19257
19260
19264
19269
19274
19275
19279
19280
19281
19284
19288
19290
19296
19297
19298
19313
19318
19326
19336
19340
19342
19343
19344
19345
19349
19356
19357
19359
19360
19369
19371
19375
19376
19381
19384
19389
19392
19393
19396
19400
19403
19404
19406
19408
19411
19412
19413
19415
19416
19423
19427
19434
19436
19442
19448
19451
19453
19454
19455
19457
19459
19464
19465
19468
19470
19473
19474
19475
19486
19489
19490
19496
19504
19506
19507
19508
19511
19513
19519
19527
19528
19529
19531
19532
19535
19536
19543
19548
19551
19553
19559
19569
19570
19571
19577
19578
19579
19580
19582
19585
19591
19596
19599
19600
19603
19607
19614
19619
19621
19627
19629
19636
19641
19643
19644
19646
19648
19650
19652
19653
19654
19655
19656
19660
19663
19667
19671
19674
19676
19682
19688
19691
19696
19704
19719
19720
19723
19729
19733
19734
19738
19739
19745
19746
19754
19755
19760
19761
19762
19765
19770
19771
19774
19776
19780
19784
19786
19787
19795
19796
19798
19815
19823
19824
19827
19830
19833
19835
19836
19837
19838
19839
19842
19847
19848
19853
19854
19866
19869
19884
19903
19906
19908
19909
19917
19919
19935
19936
19938
19939
19942
19943
19945
19947
19949
19953
19963
19964
19965
19981
19983
19988
19997
19998
19999
20001
20002
20003
20006
20007
20012
20014
20016
20017
20018
20023
20026
20030
20031
20032
20033
20034
20036
20037
20050
20051
20052
20053
20057
20065
20072
20083
20084
20089
20092
20094
20104
20108
20109
20112
20114
20117
20119
20121
20123
20124
20125
20126
20127
20128
20137
20138
20141
20144
20145
20146
20161
20168
20170
20178
20182
20186
20189
20192
20200
20218
20220
20222
20225
20228
20229
20237
20254
20256
20258
20261
20264
20266
20271
20280
20282
20293
20294
20298
20300
20313
20314
20319
20328
20338
20342
20357
20363
20364
20368
20369
20373
20374
20379
20380
20383
20385
20389
20399
20400
20406
20407
20412
20414
20416
20422
20424
20431
20438
20440
20442
20445
20448
20451
20457
20458
20459
20463
20467
20472
20474
20487
20497
20498
20500
20505
20520
20522
20523
20525
20526
20528
20530
20550
20552
20554
20555
20563
20564
20565
20570
20572
20578
20579
20582
20587
20591
20594
20597
20598
20600
20605
20608
20612
20616
20617
20618
20620
20622
20628
20631
20635
20637
20640
20642
20644
20660
20665
20669
20684
20685
20691
20693
20699
20702
20703
20707
20720
20722
20733
20735
20744
20755
20757
20758
20761
20766
20768
20776
20777
20797
20808
20809
20810
20812
20813
20814
20815
20816
20818
20820
20828
20836
20837
20844
20845
20848
20855
20858
20859
20860
20870
20873
20880
20882
20887
20893
20897
20899
20901
20904
20905
20907
20908
20909
20913
20921
20926
20932
20935
20941
20944
20946
20947
20948
20956
20957
20972
20973
20986
20987
21001
21008
21011
21012
21014
21021
21022
21024
21032
21033
21035
21037
21038
21041
21043
21046
21055
21063
21068
21083
21085
21088
21090
21091
21095
21113
21118
21129
21135
21149
21151
21155
21157
21158
21162
21166
21167
21169
21175
21176
21177
21194
21201
21215
21216
21219
21221
21233
21236
21240
21246
21250
21253
21264
21265
21266
21270
21278
21285
21289
21293
21296
21297
21298
21303
21309
21313
21322
21328
21330
21331
21336
21337
21338
21344
21346
21353
21357
21358
21366
21367
21371
21372
21378
21385
21388
21391
21398
21402
21406
21410
21411
21413
21424
21427
21433
21442
21443
21444
21446
21447
21452
21458
21467
21468
21481
21484
21485
21486
21488
21495
21516
21522
21523
21525
21531
21532
21533
21535
21539
21544
21547
21548
21554
21555
21576
21577
21578
21585
21586
21587
21589
21591
21592
21593
21594
21595
21596
21598
21601
21602
21605
21606
21609
21610
21612
21613
21615
21619
21620
21622
21643
21646
21648
21659
21669
21676
21679
21689
21692
21698
21703
21706
21717
21741
21742
21743
21752
21761
21770
21773
21784
21789
21795
21802
21805
21815
21816
21817
21819
21822
21823
21829
21844
21850
21863
21868
21870
21878
21879
21880
21881
21887
21895
21899
21901
21903
21906
21907
21909
21916
21918
21921
21936
21948
21955
21956
21958
21960
21961
21962
21964
21967
21968
21969
21970
21975
21978
21987
21992
21997
21999
22007
22010
22015
22028
22029
22031
22035
22047
22052
22055
22057
22069
22071
22072
22073
22075
22081
22087
22088
22090
22092
22096
22098
22104
22110
22111
22113
22116
22121
22139
22144
22145
22146
22148
22149
22151
22157
22159
22160
22163
22165
22168
22170
22173
22174
22176
22179
22182
22184
22192
22204
22205
22206
22208
22212
22214
22221
22230
22239
22240
22243
22245
22246
22251
22256
22257
22262
22266
22273
22277
22285
22288
22289
22290
22296
22298
22299
22302
22303
22306
22310
22311
22312
22318
22323
22327
22328
22330
22333
22334
22335
22342
22353
22360
22378
22379
22380
22392
22395
22397
22399
22403
22404
22405
22406
22407
22412
22414
22420
22421
22427
22429
22433
22434
22435
22436
22442
22444
22445
22447
22467
22472
22474
22479
22485
22486
22488
22489
22492
22497
22499
22500
22501
22502
22508
22510
22512
22515
22516
22532
22533
22534
22540
22545
22553
22554
22561
22569
22577
22578
22596
22602
22617
22625
22637
22638
22655
22661
22663
22670
22675
22676
22677
22687
22690
22691
22694
22697
22701
22702
22709
22710
22712
22724
22729
22730
22732
22739
22746
22762
22769
22774
22794
22803
22809
22810
22811
22814
22816
22817
22819
22821
22828
22830
22831
22835
22836
22842
22844
22858
22864
22865
22867
22868
22874
22876
22880
22881
22884
22885
22887
22900
22903
22904
22906
22913
22916
22917
22918
22919
22926
22936
22938
22948
22949
22952
22954
22972
22976
22981
22983
22985
22988
22989
22990
22991
23003
23018
23019
23029
23034
23041
23044
23046
23048
23052
23054
23061
23062
23064
23065
23067
23070
23075
23089
23097
23098
23099
23144
23150
23160
23161
23178
23182
23183
23184
23185
23188
23189
23196
23202
23210
23222
23226
23240
23242
23251
23252
23254
23255
23257
23261
23268
23269
23270
23282
23290
23293
23294
23295
23296
23298
23305
23306
23325
23340
23342
23350
23364
23367
23377
23378
23387
23389
23399
23400
23401
23402
23403
23405
23415
23428
23429
23431
23432
23433
23434
23440
23441
23442
23443
23444
23448
23452
23454
23456
23462
23463
23486
23487
23489
23496
23501
23510
23514
23515
23516
23518
23521
23522
23525
23526
23532
23534
23540
23547
23551
23553
23558
23559
23567
23568
23581
23599
23612
23620
23628
23630
23635
23645
23650
23656
23660
23661
23666
23672
23673
23678
23690
23693
23697
23708
23712
23720
23725
23728
23734
23738
23739
23740
23742
23748
23749
23755
23757
23758
23760
23762
23765
23768
23774
23781
23782
23783
23789
23790
23794
23797
23803
23804
23808
23827
23828
23836
23838
23842
23847
23848
23850
23852
23854
23857
23862
23865
23867
23871
23884
23886
23897
23898
23899
23904
23905
23924
23930
23932
23933
23954
23955
23965
23971
23974
23975
23976
23985
23989
23990
23991
23993
24000
24007
24009
24018
24019
24022
24024
24026
24029
24036
24043
24044
24050
24056
24063
24066
24071
24091
24092
24095
24098
24107
24111
24119
24121
24122
24127
24132
24147
24151
24152
24156
24157
24160
24166
24167
24168
24171
24172
24173
24174
24181
24182
24183
24189
24192
24193
24201
24204
24208
24209
24214
24221
24227
24228
24229
24230
24236
24239
24240
24243
24246
24247
24250
24252
24258
24259
24260
24263
24264
24265
24277
24283
24285
24288
24289
24291
24294
24297
24299
24302
24306
24318
24322
24327
24333
24338
24342
24345
24346
24348
24349
24350
24361
24362
24365
24366
24367
24375
24377
24383
24386
24394
24396
24398
24400
24418
24428
24430
24434
24435
24437
24442
24443
24447
24458
24459
24464
24468
24469
24476
24482
24485
24491
24495
24499
24502
24506
24509
24510
24514
24515
24516
24519
24520
24524
24525
24526
24542
24556
24561
24563
24566
24573
24582
24584
24590
24602
24618
24659
24663
24666
24672
24680
24691
24696
24697
24698
24702
24703
24705
24707
24708
24713
24717
24718
24724
24726
24729
24735
24744
24747
24748
24751
24752
24754
24755
24762
24778
24780
24786
24794
24805
24819
24836
24846
24851
24852
24859
24862
24863
24864
24870
24871
24872
24873
24875
24876
24877
24881
24883
24885
24887
24888
24891
24893
24894
24896
24898
24900
24906
24910
24916
24917
24918
24919
24942
24952
24956
24964
24965
24967
24970
24971
24976
24977
24978
24984
24985
24987
24997
25001
25005
25011
25012
25018
25036
25038
25046
25048
25049
25053
25058
25061
25063
25065
25066
25068
25072
25079
25080
25081
25090
25091
25093
25095
25096
25097
25106
25114
25117
25120
25121
25127
25130
25131
25132
25133
25137
25141
25146
25147
25151
25152
25153
25158
25161
25162
25168
25170
25174
25176
25179
25184
25187
25197
25200
25205
25208
25221
25237
25238
25241
25242
25243
25245
25247
25248
25250
25251
25252
25253
25255
25257
25258
25259
25260
25263
25266
25267
25269
25272
25277
25281
25284
25289
25292
25293
25294
25296
25297
25299
25300
25303
25304
25305
25306
25307
25312
25314
25317
25333
25334
25337
25341
25342
25343
25344
25349
25351
25353
25355
25356
25360
25362
25363
25367
25369
25374
25378
25379
25382
25387
25388
25389
25393
25396
25398
25405
25407
25411
25416
25417
25419
25422
25423
25438
25439
25440
25444
25447
25449
25452
25453
25456
25459
25460
25461
25466
25468
25471
25472
25478
25489
25499
25501
25502
25505
25508
25509
25510
25511
25517
25523
25524
25529
25540
25542
25545
25555
25556
25557
25560
25561
25564
25566
25569
25570
25571
25573
25585
25597
25598
25606
25610
25612
25614
25618
25620
25623
25624
25627
25628
25630
25636
25639
25642
25646
25656
25660
25663
25665
25666
25667
25668
25670
25672
25688
25691
25701
25711
25717
25718
25726
25728
25730
25731
25732
25734
25740
25748
25749
25761
25764
25765
25769
25773
25776
25778
25787
25793
25795
25800
25802
25804
25805
25808
25815
25818
25819
25822
25833
25834
25837
25841
25843
25844
25847
25849
25851
25859
25883
25892
25893
25896
25897
25902
25908
25909
25910
25911
25914
25917
25919
25920
25921
25923
25924
25925
25931
25933
25934
25940
25942
25943
25945
25946
25948
25951
25957
25960
25962
25965
25967
25968
25970
25974
25980
25982
25983
25998
26004
26009
26018
26019
26020
26033
26034
26035
26037
26039
26045
26046
26048
26050
26053
26055
26057
26061
26064
26067
26071
26076
26083
26085
26087
26088
26091
26092
26100
26103
26104
26107
26110
26111
26112
26113
26117
26120
26124
26125
26128
26129
26130
26132
26134
26136
26147
26149
26152
26158
26159
26160
26161
26162
26169
26173
26175
26178
26181
26183
26184
26186
26191
26192
26194
26197
26198
26199
26215
26217
26218
26219
26220
26222
26227
26228
26230
26232
26235
26237
26239
26240
26241
26246
26248
26253
26254
26264
26266
26271
26275
26277
26282
26283
26289
26294
26298
26299
26307
26310
26318
26328
26331
26340
26341
26343
26350
26358
26359
26365
26372
26373
26374
26383
26388
26396
26397
26403
26404
26408
26409
26415
26418
26421
26462
26465
26469
26471
26474
26479
26483
26490
26494
26495
26496
26503
26504
26506
26514
26519
26521
26527
26535
26539
26541
26543
26545
26546
26552
26553
26554
26555
26560
26564
26567
26570
26574
26580
26588
26592
26593
26595
26596
26597
26600
26601
26604
26607
26608
26611
26613
26615
26618
26619
26629
26630
26633
26636
26639
26641
26645
26647
26650
26652
26655
26656
26663
26664
26665
26669
26671
26674
26681
26687
26688
26689
26691
26692
26695
26698
26699
26700
26703
26705
26708
26714
26715
26716
26719
26722
26723
26724
26726
26727
26728
26729
26730
26732
26733
26736
26737
26738
26739
26741
26743
26744
26745
26748
26749
26751
26752
26759
26760
26765
26766
26769
26773
26778
26780
26781
26782
26783
26784
26788
26789
26790
26791
26793
26796
26798
26799
26801
26804
26812
26815
26816
26819
26820
26823
26837
26839
26840
26845
26846
26848
26852
26854
26864
26868
26876
26878
26882
26887
26889
26898
26904
26905
26907
26912
26916
26918
26921
26922
26923
26924
26926
26931
26932
26933
26940
26945
26948
26949
26950
26951
26952
26954
26955
26956
26987
26988
26990
26993
26995
26997
26998
27001
27005
27006
27007
27012
27020
27022
27023
27028
27035
27052
27056
27069
27070
27072
27073
27074
27078
27081
27085
27089
27101
27102
27105
27113
27114
27116
27118
27127
27162
27165
27170
27171
27173
27174
27177
27178
27179
27181
27182
27184
27190
27193
27195
27196
27199
27212
27213
27214
27215
27225
27230
27234
27237
27239
27249
27259
27262
27266
27270
27272
27276
27280
27285
27289
27291
27293
27294
27296
27298
27302
27304
27310
27319
27328
27329
27332
27337
27338
27342
27343
27361
27366
27369
27375
27380
27381
27401
27404
27406
27409
27411
27414
27415
27416
27417
27418
27419
27423
27424
27426
27429
27433
27434
27435
27438
27441
27445
27448
27455
27468
27469
27470
27471
27474
27475
27488
27499
27503
27506
27508
27513
27525
27527
27531
27543
27548
27549
27551
27553
27556
27560
27564
27571
27574
27579
27588
27592
27597
27598
27600
27604
27606
27608
27612
27616
27617
27618
27619
27623
27626
27629
27639
27640
27644
27646
27653
27660
27679
27680
27684
27685
27689
27705
27708
27709
27721
27726
27728
27729
27730
27732
27763
27768
27769
27776
27777
27778
27779
27784
27786
27787
27795
27797
27798
27799
27807
27812
27817
27823
27827
27829
27830
27832
27838
27840
27841
27848
27858
27859
27860
27861
27862
27867
27868
27869
27870
27873
27875
27876
27884
27886
27892
27893
27894
27895
27910
27915
27916
27917
27918
27923
27929
27930
27932
27933
27936
27937
27940
27945
27946
27948
27949
27950
27952
27956
27957
27961
27970
27971
27973
27987
27990
27993
27995
27998
28001
28005
28006
28007
28008
28028
28029
28034
28040
28044
28047
28050
28054
28062
28068
28069
28070
28072
28073
28075
28079
28080
28081
28083
28085
28086
28087
28088
28089
28096
28097
28098
28101
28110
28111
28115
28124
28125
28127
28131
28133
28140
28141
28150
28156
28158
28169
28174
28176
28177
28197
28200
28204
28214
28222
28223
28224
28226
28230
28234
28236
28238
28240
28243
28245
28247
28248
28249
28253
28261
28262
28263
28268
28270
28271
28275
28276
28278
28280
28282
28283
28284
28285
28287
28288
28296
28297
28299
28304
28306
28315
28316
28317
28319
28324
28327
28328
28332
28337
28341
28344
28345
28348
28349
28351
28354
28357
28359
28362
28365
28367
28379
28387
28388
28389
28390
28392
28395
28399
28404
28409
28412
28420
28423
28424
28426
28430
28431
28432
28435
28440
28442
28449
28454
28455
28457
28460
28461
28462
28472
28476
28487
28488
28489
28491
28495
28498
28517
28522
28523
28530
28536
28548
28549
28551
28558
28566
28570
28572
28576
28577
28578
28579
28596
28597
28601
28606
28608
28609
28610
28612
28616
28620
28630
28631
28634
28635
28636
28638
28641
28644
28645
28646
28655
28661
28664
28673
28674
28678
28679
28680
28692
28704
28713
28714
28715
28716
28724
28725
28727
28732
28733
28734
28735
28740
28742
28743
28745
28746
28747
28748
28754
28755
28760
28764
28765
28766
28772
28775
28776
28777
28778
28779
28780
28782
28785
28800
28807
28808
28812
28817
28823
28827
28841
28851
28856
28863
28864
28865
28866
28867
28873
28874
28878
28885
28887
28889
28890
28893
28894
28895
28902
28903
28909
28910
28911
28915
28923
28934
28949
28950
28957
28959
28960
28984
28985
28987
28992
28994
29012
29023
29029
29035
29036
29041
29045
29052
29062
29063
29065
29077
29078
29079
29084
29091
29094
29095
29108
29109
29111
29112
29113
29114
29115
29120
29128
29129
29131
29132
29134
29137
29139
29140
29141
29145
29146
29147
29151
29152
29161
29169
29171
29179
29182
29185
29186
29187
29191
29194
29198
29199
29200
29201
29206
29215
29216
29218
29219
29226
29232
29234
29235
29236
29238
29239
29243
29244
29245
29246
29250
29251
29252
29254
29255
29257
29258
29259
29263
29264
29267
29274
29280
29281
29283
29284
29287
29290
29294
29296
29297
29298
29301
29302
29305
29307
29310
29312
29314
29315
29319
29320
29321
29323
29324
29326
29329
29330
29331
29336
29353
29361
29362
29368
29373
29375
29376
29377
29378
29380
29381
29388
29389
29393
29395
29403
29405
29411
29415
29418
29419
29421
29423
29426
29431
29432
29433
29434
29436
29437
29440
29441
29442
29447
29450
29452
29454
29456
29457
29466
29493
29497
29501
29502
29504
29506
29507
29509
29510
29514
29515
29519
29521
29523
29535
29546
29547
29551
29560
29564
29567
29569
29585
29586
29589
29593
29599
29605
29607
29609
29610
29617
29630
29633
29639
29640
29651
29652
29656
29657
29659
29666
29667
29676
29679
29689
29691
29692
29697
29703
29713
29716
29720
29728
29729
29730
29732
29734
29739
29752
29756
29759
29767
29777
29781
29795
29802
29810
29811
29813
29815
29816
29818
29819
29823
29824
29839
29844
29855
29857
29862
29863
29865
29869
29873
29874
29876
29879
29880
29881
29882
29883
29884
29888
29890
29893
29896
29897
29906
29907
29908
29912
29923
29925
29927
29929
29930
29931
29953
29973
29981
29992
29994
29999
30000
30001
30007
30012
30022
30023
30030
30034
30037
30040
30042
30043
30055
30058
30059
30060
30063
30067
30069
30071
30073
30078
30079
30080
30087
30088
30093
30094
30095
30097
30098
30100
30101
30102
30115
30118
30119
30121
30122
30123
30124
30128
30130
30131
30135
30137
30139
30140
30141
30143
30144
30148
30149
30150
30158
30159
30171
30185
30195
30197
30201
30204
30205
30206
30207
30213
30217
30220
30229
30231
30232
30241
30242
30248
30253
30269
30278
30279
30281
30284
30296
30298
30301
30302
30303
30304
30307
30308
30311
30314
30316
30324
30330
30345
30346
30347
30348
30349
30351
30353
30354
30355
30357
30358
30360
30361
30366
30368
30373
30377
30382
30390
30402
30403
30404
30405
30409
30414
30420
30423
30425
30433
30436
30441
30443
30444
30447
30457
30459
30460
30461
30463
30475
30476
30478
30491
30492
30493
30494
30495
30502
30516
30517
30518
30522
30527
30538
30540
30543
30548
30549
30550
30554
30556
30561
30569
30573
30575
30576
30578
30582
30583
30584
30586
30587
30590
30595
30598
30604
30609
30610
30618
30621
30627
30628
30630
30637
30640
30649
30657
30660
30663
30672
30673
30677
30678
30680
30686
30689
30692
30698
30702
30703
30704
30706
30707
30712
30713
30715
30716
30721
30723
30724
30725
30728
30736
30737
30738
30741
30745
30747
30750
30752
30755
30756
30758
30761
30763
30764
30765
30767
30768
30770
30772
30773
30774
30776
30777
30780
30781
30783
30784
30791
30800
30804
30811
30814
30817
30821
30824
30825
30826
30827
30828
30829
30830
30831
30833
30835
30837
30838
30840
30846
30847
30848
30849
30850
30851
30860
30873
30885
30888
30892
30893
30896
30897
30900
30901
30911
30916
30919
30922
30925
30926
30927
30932
30939
30942
30944
30946
30956
30964
30965
30969
30975
30976
30977
30992
31003
31024
31026
31027
31028
31029
31030
31034
31045
31047
31052
31059
31060
31061
31062
31066
31071
31075
31077
31080
31086
31087
31088
31093
31095
31096
31114
31116
31118
31121
31124
31125
31127
31135
31136
31139
31143
31145
31146
31153
31154
31155
31156
31159
31161
31169
31170
31171
31175
31179
31182
31184
31185
31186
31199
31201
31203
31204
31205
31208
31209
31212
31213
31216
31222
31223
31224
31231
31233
31234
31235
31241
31245
31247
31248
31250
31252
31256
31261
31267
31271
31272
31274
31275
31277
31279
31285
31286
31291
31294
31295
31297
31298
31305
31307
31309
31314
31318
31323
31326
31332
31336
31337
31342
31343
31351
31357
31360
31363
31369
31372
31378
31382
31383
31387
31390
31393
31399
31402
31406
31408
31409
31412
31416
31423
31426
31433
31436
31441
31445
31448
31452
31454
31461
31463
31464
31466
31469
31471
31475
31478
31481
31483
31485
31489
31490
31497
31504
31507
31508
31513
31516
31525
31526
31527
31532
31534
31540
31544
31547
31548
31549
31550
31551
31552
31556
31558
31559
31560
31563
31575
31576
31578
31580
31586
31590
31593
31598
31599
31609
31610
31612
31613
31614
31615
31619
31621
31623
31625
31628
31631
31637
31638
31639
31641
31643
31649
31654
31657
31661
31664
31671
31674
31677
31678
31686
31688
31690
31692
31693
31697
31703
31706
31708
31709
31710
31715
31720
31721
31722
31724
31726
31727
31729
31735
31736
31740
31746
31748
31749
31751
31752
31754
31755
31760
31763
31765
31766
31768
31775
31778
31779
31780
31781
31783
31795
31797
31800
31801
31803
31806
31811
31814
31815
31816
31821
31825
31826
31827
31828
31829
31833
31834
31835
31843
31847
31854
31855
31856
31857
31865
31866
31867
31868
31869
31870
31871
31872
31874
31877
31879
31886
31889
31893
31898
31902
31904
31905
31906
31911
31915
31917
31927
31945
31950
31951
31952
31953
31954
31956
31958
31962
31963
31966
31970
31971
31973
31982
31986
31988
31993
31997
32007
32010
32024
32025
32029
32030
32032
32039
32040
32042
32043
32047
32051
32052
32053
32060
32061
32063
32071
32074
32076
32087
32088
32090
32091
32093
32094
32095
32111
32118
32119
32121
32122
32128
32129
32130
32139
32144
32148
32149
32150
32152
32153
32161
32165
32170
32173
32174
32175
32177
32184
32185
32196
32197
32198
32199
32205
32210
32235
32236
32239
32240
32243
32249
32253
32261
32266
32269
32278
32284
32286
32288
32297
32298
32301
32308
32309
32311
32312
32313
32317
32320
32322
32325
32332
32334
32341
32344
32348
32371
32388
32394
32396
32398
32399
32400
32401
32403
32406
32407
32410
32414
32420
32427
32429
32432
32433
32434
32439
32452
32453
32456
32457
32461
32466
32467
32468
32471
32472
32478
32480
32481
32486
32490
32491
32492
32496
32502
32504
32505
32506
32507
32508
32515
32519
32520
32522
32524
32525
32527
32531
32534
32543
32544
32551
32552
32558
32563
32565
32566
32570
32571
32574
32580
32582
32593
32604
32624
32627
32631
32637
32638
32642
32645
32655
32657
32659
32664
32669
32671
32674
32675
32680
32684
32685
32696
32698
32702
32706
32723
32724
32731
32732
32738
32742
32744
32745
32746
32752
32765
32769
32771
32772
32774
32775
32777
32781
32786
32796
32800
32818
32824
32826
32827
32837
32838
32839
32843
32852
32853
32855
32864
32865
32868
32872
32883
32891
32893
32894
32902
32905
32910
32926
32930
32932
32934
32939
32942
32943
32944
32950
32958
32962
32965
32967
32971
32975
32977
32987
32989
32990
32993
32997
33000
33004
33014
33016
33028
33029
33032
33038
33040
33043
33044
33045
33047
33054
33059
33060
33065
33066
33072
33078
33080
33081
33087
33089
33092
33097
33108
33110
33117
33118
33119
33120
33124
33128
33137
33149
33154
33156
33167
33172
33173
33179
33180
33190
33191
33204
33206
33207
33216
33223
33224
33225
33226
33227
33231
33232
33238
33242
33246
33252
33260
33264
33265
33311
33313
33320
33321
33323
33324
33325
33328
33329
33331
33334
33337
33345
33355
33356
33360
33361
33364
33370
33371
33376
33384
33385
33403
33419
33429
33431
33433
33436
33439
33440
33441
33448
33450
33456
33458
33461
33462
33464
33466
33470
33471
33476
33477
33479
33480
33484
33485
33492
33505
33515
33518
33519
33525
33529
33530
33531
33533
33534
33537
33541
33544
33546
33547
33549
33552
33558
33562
33566
33569
33573
33581
33586
33591
33592
33595
33598
33599
33608
33615
33623
33625
33628
33630
33639
33640
33641
33644
33651
33653
33654
33659
33661
33662
33664
33669
33670
33671
33672
33688
33689
33691
33705
33706
33720
33722
33734
33736
33741
33745
33747
33749
33750
33752
33771
33774
33775
33777
33789
33796
33800
33801
33803
33805
33806
33855
33861
33864
33865
33870
33883
33892
33894
33900
33904
33905
33907
33910
33912
33916
33919
33925
33928
33938
33941
33943
33944
33945
33947
33949
33951
33952
33960
33961
33964
33965
33975
33979
33992
34004
34005
34010
34012
34018
34019
34020
34029
34034
34037
34053
34055
34059
34073
34080
34084
34098
34100
34101
34103
34113
34116
34124
34127
34137
34138
34146
34148
34151
34155
34161
34163
34164
34167
34168
34170
34176
34177
34181
34183
34187
34190
34199
34200
34201
34202
34208
34210
34211
34213
34214
34216
34217
34218
34221
34222
34224
34230
34231
34233
34234
34236
34240
34244
34248
34254
34255
34273
34276
34280
34283
34285
34286
34288
34292
34298
34300
34304
34308
34309
34317
34318
34323
34330
34331
34335
34336
34337
34340
34341
34344
34345
34347
34348
34349
34351
34353
34354
34355
34357
34360
34361
34364
34380
34388
34389
34395
34396
34397
34398
34399
34400
34401
34403
34407
34415
34418
34422
34424
34425
34426
34432
34440
34452
34456
34457
34461
34463
34464
34466
34471
34475
34476
34477
34478
34481
34484
34487
34488
34492
34501
34505
34506
34508
34512
34513
34518
34521
34522
34524
34528
34530
34534
34536
34538
34539
34543
34548
34549
34550
34580
34598
34606
34609
34620
34626
34628
34629
34642
34646
34647
34648
34660
34662
34663
34664
34665
34666
34671
34673
34674
34678
34684
34686
34689
34691
34705
34707
34718
34723
34725
34726
34732
34739
34744
34748
34750
34754
34757
34763
34765
34766
34772
34773
34776
34778
34779
34780
34791
34792
34798
34800
34815
34816
34819
34829
34830
34831
34832
34834
34835
34837
34838
34840
34844
34845
34846
34854
34861
34863
34867
34868
34870
34883
34885
34906
34928
34955
34957
34958
34959
34966
34981
34988
34990
34991
34999
35006
35010
35011
35014
35015
35016
35017
35018
35023
35026
35040
35068
35071
35083
35087
35099
35100
35111
35112
35116
35118
35120
35121
35122
35127
35128
35129
35130
35162
35171
35172
35188
35194
35201
35202
35206
35208
35209
35210
35239
35245
35257
35258
35263
35264
35265
35269
35272
35277
35279
35281
35286
35287
35289
35293
35313
35314
35322
35323
35325
35327
35332
35333
35338
35340
35341
35343
35351
35352
35360
35375
35376
35386
35388
35405
35410
35411
35418
35420
35428
35434
35436
35438
35439
35440
35447
35455
35456
35461
35464
35466
35471
35477
35482
35483
35486
35492
35503
35505
35507
35516
35526
35527
35545
35548
35556
35557
35558
35576
35580
35584
35586
35588
35589
35593
35596
35597
35598
35604
35608
35611
35617
35619
35624
35632
35635
35648
35652
35665
35674
35676
35677
35680
35681
35689
35691
35697
35703
35705
35706
35718
35753
35755
35768
35770
35780
35785
35786
35787
35788
35789
35791
35800
35803
35811
35814
35819
35820
35821
35822
35830
35832
35834
35841
35844
35847
35849
35850
35851
35855
35868
35871
35876
35882
35883
35888
35898
35900
35907
35908
35909
35914
35919
35922
35938
35941
35942
35945
35948
35949
35954
35955
35956
35958
35960
35963
35966
35971
35972
35978
35979
35982
35996
36002
36004
36006
36008
36010
36012
36016
36017
36018
36021
36023
36029
36030
36033
36039
36040
36047
36049
36050
36052
36058
36059
36061
36066
36073
36081
36082
36083
36084
36086
36087
36088
36097
36103
36104
36113
36114
36115
36121
36127
36128
36136
36138
36141
36145
36147
36150
36154
36158
36160
36161
36165
36169
36173
36174
36175
36177
36178
36181
36184
36189
36207
36208
36212
36213
36215
36216
36221
36223
36225
36227
36230
36234
36236
36238
36240
36251
36252
36254
36255
36257
36259
36260
36265
36266
36267
36269
36277
36279
36283
36284
36285
36288
36290
36292
36299
36301
36304
36307
36310
36319
36325
36326
36328
36330
36333
36334
36335
36342
36345
36347
36349
36351
36352
36361
36363
36368
36369
36370
36372
36373
36377
36378
36382
36383
36384
36390
36392
36393
36395
36399
36402
36411
36413
36415
36418
36425
36429
36436
36437
36439
36440
36442
36443
36444
36445
36447
36463
36464
36465
36466
36468
36473
36475
36476
36478
36479
36481
36485
36487
36488
36490
36494
36508
36517
36528
36529
36530
36532
36540
36546
36548
36549
36551
36554
36559
36560
36566
36571
36573
36574
36575
36583
36586
36589
36591
36592
36597
36603
36611
36615
36616
36620
36623
36625
36627
36634
36640
36642
36644
36646
36648
36649
36650
36656
36659
36660
36661
36663
36665
36670
36671
36674
36678
36686
36687
36689
36692
36696
36699
36700
36702
36703
36705
36706
36709
36716
36719
36721
36722
36723
36731
36736
36738
36741
36747
36748
36750
36754
36757
36758
36761
36764
36767
36768
36770
36774
36776
36782
36783
36790
36791
36792
36793
36794
36813
36814
36854
36861
36904
36905
36906
36907
36912
36913
36927
36941
36943
36944
36966
36969
36972
36980
36984
36990
36993
36999
37000
37004
37008
37009
37016
37022
37023
37024
37025
37027
37028
37031
37032
37033
37034
37035
37037
37038
37040
37047
37048
37050
37051
37056
37057
37059
37060
37062
37072
37086
37105
37107
37114
37116
37123
37125
37135
37145
37151
37165
37173
37178
37182
37187
37189
37193
37200
37203
37232
37233
37234
37235
37237
37239
37241
37248
37258
37269
37273
37276
37280
37292
37294
37307
37309
37312
37317
37321
37327
37328
37334
37336
