152
164
165
167
171
173
174
177
178
184
192
198
200
201
204
210
215
220
227
231
237
244
249
254
255
256
257
261
262
263
266
276
278
280
284
291
294
298
306
310
312
317
322
323
324
329
330
331
332
342
344
345
355
359
365
366
367
369
373
374
376
377
378
386
387
391
393
399
404
411
412
414
419
422
434
440
444
450
454
463
467
476
495
499
503
507
519
523
528
534
535
537
538
539
541
546
550
557
558
559
565
570
572
573
574
576
577
578
579
580
581
584
585
586
587
589
592
606
620
625
626
628
633
635
639
646
652
659
665
667
673
680
683
684
686
687
691
694
695
697
701
702
703
704
708
710
716
719
722
723
726
731
732
734
735
736
737
746
747
751
752
759
760
767
768
769
770
771
773
777
780
782
799
800
801
817
818
819
833
834
841
843
845
847
849
855
861
862
888
890
896
904
909
912
922
928
943
944
946
951
954
955
956
959
960
963
965
967
970
973
975
982
983
985
986
987
988
990
992
999
1000
1001
1003
1005
1007
1008
1009
1018
1020
1021
1024
1027
1031
1035
1036
1037
1039
1055
1105
1118
1119
1120
1121
1131
1132
1139
1153
1156
1158
1161
1162
1166
1172
1182
1183
1184
1196
1202
1204
1209
1227
1230
1238
1245
1247
1251
1256
1257
1295
1300
1303
1305
1322
1323
1328
1329
1345
1351
1358
1360
1361
1363
1364
1371
1375
1377
1378
1380
1394
1395
1396
1397
1403
1410
1422
1424
1427
1434
1435
1437
1465
1467
1469
1470
1474
1475
1476
1478
1484
1486
1488
1490
1491
1494
1495
1501
1503
1506
1507
1510
1511
1528
1529
1530
1531
1534
1535
1544
1545
1548
1549
1553
1554
1562
1563
1575
1583
1585
1594
1602
1603
1609
1610
1614
1620
1624
1628
1633
1634
1643
1644
1645
1647
1648
1651
1652
1653
1660
1661
1670
1671
1673
1679
1681
1688
1695
1696
1699
1701
1712
1713
1717
1718
1729
1732
1734
1736
1737
1751
1754
1755
1761
1762
1782
1790
1792
1794
1798
1809
1810
1816
1817
1821
1825
1832
1834
1844
1847
1849
1851
1854
1861
1869
1870
1875
1876
1880
1882
1885
1887
1895
1896
1898
1903
1916
1918
1919
1929
1930
1931
1946
1951
1968
1973
1974
1976
1986
1987
1988
1989
1990
1991
1998
2003
2031
2034
2036
2038
2040
2045
2054
2056
2057
2059
2063
2083
2091
2095
2097
2099
2103
2110
2121
2125
2128
2133
2140
2147
2148
2149
2153
2158
2160
2163
2169
2170
2177
2182
2183
2185
2187
2188
2189
2190
2193
2194
2196
2197
2198
2202
2208
2210
2212
2213
2216
2217
2219
2220
2221
2234
2238
2239
2242
2246
2251
2252
2265
2268
2272
2275
2278
2279
2281
2297
2302
2314
2318
2320
2321
2322
2325
2327
2337
2344
2346
2347
2348
2353
2374
2387
2391
2396
2406
2409
2415
2417
2421
2425
2426
2428
2432
2434
2446
2448
2450
2451
2460
2461
2464
2466
2468
2473
2477
2481
2495
2502
2504
2507
2509
2510
2512
2523
2529
2533
2549
2552
2553
2555
2556
2557
2561
2568
2569
2571
2573
2574
2579
2581
2585
2587
2595
2597
2599
2600
2607
2613
2619
2624
2625
2630
2631
2632
2634
2637
2643
2644
2654
2658
2664
2677
2680
2682
2684
2688
2689
2690
2695
2718
2736
2744
2746
2747
2752
2760
2764
2769
2771
2772
2781
2783
2794
2805
2824
2825
2826
2829
2832
2836
2840
2844
2849
2853
2859
2860
2864
2866
2867
2874
2890
2892
2895
2896
2898
2905
2908
2922
2926
2938
2942
2954
2958
2961
2973
2976
2985
2987
2988
2996
2998
2999
3000
3004
3005
3006
3007
3016
3020
3021
3026
3028
3035
3039
3041
3044
3046
3047
3049
3050
3056
3057
3061
3062
3072
3077
3079
3092
3098
3113
3116
3117
3123
3128
3129
3131
3132
3133
3138
3139
3147
3155
3165
3167
3172
3174
3175
3177
3178
3179
3187
3200
3204
3205
3207
3209
3210
3211
3218
3219
3225
3226
3241
3243
3247
3254
3261
3262
3264
3267
3268
3272
3289
3290
3295
3296
3313
3314
3331
3344
3349
3350
3355
3357
3363
3374
3377
3379
3381
3386
3387
3431
3433
3434
3448
3449
3450
3458
3459
3462
3463
3465
3466
3479
3485
3493
3496
3499
3500
3518
3520
3521
3537
3540
3541
3545
3549
3555
3556
3557
3576
3578
3584
3593
3595
3596
3607
3618
3624
3635
3638
3641
3642
3643
3645
3646
3648
3659
3669
3676
3690
3691
3696
3705
3714
3717
3720
3721
3724
3725
3726
3727
3728
3736
3742
3746
3747
3753
3762
3763
3779
3791
3808
3810
3812
3814
3815
3820
3821
3823
3826
3834
3849
3863
3870
3873
3874
3875
3931
3949
3966
3987
3989
3991
3996
4046
4049
4059
4078
4080
4081
4123
4150
4154
4159
4179
4198
4202
4204
4205
4215
4217
4225
4228
4245
4246
4249
4250
4252
4254
4256
4258
4259
4266
4272
4283
4287
4288
4293
4294
4295
4296
4301
4305
4328
4338
4343
4345
4346
4354
4355
4356
4364
4369
4371
4379
4391
4399
4400
4403
4404
4405
4409
4415
4416
4420
4426
4427
4428
4433
4436
4437
4438
4439
4442
4444
4447
4456
4457
4466
4482
4488
4491
4492
4493
4497
4498
4500
4503
4504
4505
4509
4524
4533
4549
4553
4582
4584
4597
4603
4604
4605
4613
4614
4616
4617
4618
4619
4622
4624
4629
4630
4636
4637
4646
4651
4657
4671
4674
4690
4703
4708
4712
4713
4719
4725
4734
4735
4740
4741
4757
4771
4773
4774
4775
4780
4798
4799
4800
4801
4806
4816
4823
4826
4842
4861
4884
4885
4896
4899
4923
4926
4927
4931
4936
4938
4943
4954
4956
4960
4965
4966
4979
4980
4991
4992
4995
5004
5007
5018
5021
5024
5025
5035
5038
5046
5047
5049
5050
5051
5053
5055
5058
5063
5066
5073
5074
5080
5094
5115
5120
5124
5125
5126
5134
5143
5148
5166
5167
5186
5187
5188
5192
5193
5197
5199
5201
5204
5216
5236
5242
5243
5244
5268
5275
5276
5282
5293
5294
5304
5321
5332
5336
5338
5346
5347
5356
5360
5361
5362
5367
5378
5380
5384
5387
5396
5402
5405
5408
5415
5417
5422
5423
5424
5425
5426
5433
5437
5442
5443
5444
5445
5449
5451
5454
5458
5459
5463
5469
5477
5484
5499
5500
5501
5503
5504
5505
5510
5511
5515
5523
5527
5528
5529
5530
5532
5535
5536
5550
5552
5558
5562
5565
5570
5571
5572
5578
5582
5587
5612
5631
5632
5636
5641
5649
5651
5653
5660
5662
5663
5668
5672
5673
5678
5679
5685
5687
5689
5690
5693
5698
5707
5714
5715
5725
5734
5743
5749
5757
5761
5763
5765
5769
5778
5779
5783
5784
5788
5794
5796
5802
5804
5805
5807
5810
5813
5818
5824
5831
5832
5835
5837
5853
5858
5866
5871
5874
5877
5882
5894
5905
5910
5912
5915
5919
5921
5922
5923
5928
5929
5930
5931
5932
5934
5935
5943
5944
5946
5948
5951
5961
5962
5963
5966
5967
5968
5971
5975
5977
5979
5980
5984
5986
5987
5990
5992
5996
5997
5998
5999
6001
6002
6003
6005
6006
6007
6009
6011
6016
6017
6018
6019
6020
6021
6022
6026
6027
6028
6029
6030
6031
6034
6036
6039
6040
6045
6046
6048
6052
6059
6064
6074
6077
6086
6090
6094
6095
6101
6113
6116
6121
6126
6129
6132
6133
6139
6142
6151
6152
6154
6172
6178
6186
6192
6202
6203
6204
6218
6219
6220
6221
6223
6234
6246
6247
6252
6253
6258
6259
6260
6277
6286
6299
6300
6307
6308
6310
6311
6319
6321
6322
6324
6325
6326
6327
6328
6329
6330
6340
6341
6351
6355
6358
6364
6380
6381
6382
6383
6387
6407
6410
6455
6459
6466
6473
6474
6479
6482
6493
6498
6509
6513
6514
6515
6516
6523
6536
6537
6540
6550
6551
6553
6556
6558
6570
6573
6594
6597
6598
6602
6620
6623
6625
6626
6627
6628
6633
6646
6650
6652
6660
6661
6670
6671
6673
6675
6677
6678
6693
6700
6727
6728
6729
6730
6731
6732
6734
6736
6740
6744
6766
6767
6769
6771
6772
6773
6774
6779
6783
6798
6800
6801
6817
6825
6826
6829
6830
6832
6835
6837
6857
6862
6865
6874
6878
6880
6884
6889
6890
6891
6895
6897
6900
6901
6912
6913
6914
6918
6919
6921
6922
6923
6924
6929
6931
6934
6936
6945
6956
6959
6961
6962
6965
6966
6971
6972
6975
6977
6980
6983
6990
6992
6997
6999
7002
7003
7013
7014
7016
7036
7046
7047
7048
7054
7064
7066
7067
7077
7079
7081
7084
7095
7103
7111
7112
7115
7121
7136
7141
7143
7148
7149
7152
7154
7155
7158
7160
7165
7169
7175
7177
7178
7180
7190
7194
7195
7199
7204
7205
7206
7211
7215
7226
7227
7229
7230
7236
7241
7258
7260
7261
7264
7275
7276
7284
7287
7289
7290
7292
7304
7306
7312
7315
7322
7324
7326
7327
7335
7336
7339
7343
7346
7352
7357
7366
7387
7388
7389
7404
7412
7415
7423
7426
7428
7434
7435
7436
7437
7438
7448
7451
7455
7458
7459
7465
7472
7473
7481
7482
7515
7518
7520
7523
7528
7538
7540
7554
7565
7566
7567
7569
7572
7598
7605
7608
7612
7615
7617
7619
7635
7645
7652
7653
7671
7672
7676
7688
7706
7739
7744
7752
7766
7767
7769
7788
7791
7799
7801
7803
7807
7813
7814
7816
7817
7826
7832
7833
7835
7842
7849
7876
7878
7903
7913
7917
7918
7920
7925
7942
7943
7944
7945
7949
7967
7970
7985
7986
7988
7992
8014
8016
8020
8021
8027
8030
8032
8038
8039
8044
8060
8061
8062
8063
8065
8071
8078
8081
8086
8088
8092
8113
8190
8191
8199
8233
8235
8239
8241
8243
8251
8259
8261
8262
8265
8267
8268
8269
8272
8277
8280
8285
8288
8296
8304
8305
8312
8313
8314
8321
8327
8328
8331
8334
8336
8341
8352
8367
8371
8373
8374
8382
8386
8387
8402
8416
8420
8427
8436
8437
8443
8447
8452
8454
8469
8472
8497
8501
8505
8507
8512
8513
8514
8521
8524
8531
8536
8562
8563
8564
8567
8568
8571
8573
8575
8578
8582
8584
8586
8589
8591
8592
8593
8597
8598
8600
8601
8602
8612
8615
8616
8621
8627
8628
8629
8632
8635
8638
8659
8665
8666
8667
8670
8679
8680
8682
8691
8692
8694
8695
8733
8735
8740
8746
8756
8772
8774
8776
8779
8800
8806
8812
8820
8823
8830
8833
8835
8838
8854
8855
8873
8874
8890
8891
8895
8929
8936
8964
8966
8977
8979
8983
8984
8986
8987
8989
8992
8994
9023
9026
9031
9041
9042
9053
9058
9073
9093
9101
9104
9108
9112
9137
9138
9141
9144
9146
9147
9150
9151
9159
9161
9169
9170
9171
9195
9205
9208
9211
9213
9216
9221
9230
9232
9243
9246
9247
9251
9253
9256
9257
9262
9263
9271
9282
9287
9301
9303
9307
9317
9318
9319
9320
9326
9328
9333
9370
9377
9378
9381
9382
9406
9428
9451
9453
9456
9457
9458
9459
9463
9468
9472
9473
9479
9488
9508
9509
9512
9513
9517
9519
9520
9528
9529
9531
9534
9537
9539
9547
9553
9559
9562
9564
9566
9567
9575
9576
9586
9589
9594
9595
9600
9601
9604
9610
9613
9616
9619
9621
9627
9636
9640
9645
9650
9651
9652
9663
9664
9666
9677
9678
9682
9694
9695
9698
9715
9716
9721
9725
9726
9737
9741
9745
9759
9763
9765
9767
9774
9777
9790
9793
9796
9803
9804
9805
9807
9817
9818
9832
9845
9878
9879
9881
9888
9897
9898
9901
9902
9909
9911
9913
9926
9934
9935
9936
9937
9940
9942
9944
9946
9947
9951
9954
9959
9960
9961
9966
9973
9978
9982
9989
9994
10013
10028
10048
10061
10067
10082
10085
10086
10093
10102
10115
10119
10123
10137
10138
10142
10174
10175
10180
10184
10195
10196
10197
10198
10200
10212
10227
10235
10236
10238
10244
10246
10250
10253
10261
10262
10267
10270
10276
10302
10307
10308
10312
10320
10321
10340
10341
10345
10348
10362
10363
10367
10368
10369
10370
10374
10376
10379
10381
10382
10384
10385
10393
10396
10397
10403
10432
10441
10449
10451
10488
10495
10514
10515
10518
10525
10544
10555
10559
10560
10561
10563
10565
10570
10583
10589
10595
10602
10616
10620
10633
10635
10637
10650
10655
10665
10674
10693
10695
10703
10707
10712
10721
10728
10737
10750
10752
10754
10777
10782
10783
10787
10788
10794
10801
10803
10805
10828
10829
10834
10837
10839
10856
10859
10861
10884
10885
10887
10896
10901
10903
10911
10912
10920
10924
10936
10938
10949
10950
10959
10960
10962
10963
10967
10968
10971
10973
10974
10978
10982
10983
10984
10997
11000
11032
11042
11047
11049
11052
11060
11084
11095
11096
11098
11101
11103
11105
11108
11109
11112
11116
11121
11124
11126
11131
11134
11151
11152
11158
11159
11165
11167
11168
11174
11180
11182
11185
11187
11189
11191
11192
11197
11203
11211
11226
11240
11243
11250
11252
11255
11260
11262
11269
11271
11273
11281
11282
11288
11296
11302
11303
11306
11307
11310
11312
11313
11315
11325
11338
11343
11344
11349
11350
11356
11362
11383
11393
11396
11407
11408
11412
11413
11415
11426
11427
11438
11441
11444
11445
11450
11454
11455
11456
11459
11464
11473
11474
11475
11477
11480
11481
11491
11492
11500
11501
11505
11506
11520
11524
11540
11542
11546
11548
11583
11586
11589
11596
11613
11615
11616
11625
11629
11635
11648
11651
11659
11664
11667
11674
11678
11681
11683
11684
11687
11688
11689
11691
11692
11693
11694
11695
11696
11697
11698
11699
11700
11702
11710
11711
11712
11713
11715
11734
11751
11757
11797
11798
11829
11832
11834
11835
11837
11838
11839
11841
11843
11846
11848
11867
11868
11869
11870
11871
11873
11881
11882
11883
11884
11886
11895
11899
11909
11912
11920
11922
11924
11925
11933
11943
11949
11959
11960
11962
11971
11978
11982
11983
11993
12012
12016
12017
12034
12059
12069
12076
12079
12081
12084
12099
12114
12115
12116
12118
12122
12125
12127
12131
12135
12169
12195
12197
12204
12211
12215
12217
12229
12231
12251
12252
12253
12268
12269
12271
12273
12275
12283
12287
12303
12312
12313
12321
12336
12377
12381
12386
12390
12392
12393
12401
12402
12404
12412
12415
12416
12417
12426
12428
12433
12434
12435
12438
12439
12440
12444
12445
12448
12450
12453
12470
12472
12474
12475
12493
12495
12496
12510
12535
12554
12568
12569
12579
12580
12583
12592
12593
12595
12601
12602
12604
12606
12616
12619
12620
12622
12623
12625
12630
12634
12642
12647
12657
12659
12664
12666
12667
12669
12670
12676
12690
12692
12694
12698
12699
12722
12748
12758
12761
12767
12769
12777
12782
12784
12789
12790
12803
12804
12809
12813
12816
12824
12840
12864
12867
12879
12880
12881
12886
12891
12892
12893
12895
12896
12897
12904
12911
12912
12914
12916
12917
12919
12920
12921
12923
12924
12929
12930
12938
12939
12940
12951
12953
12954
12955
12957
12966
12968
12973
12977
12986
12987
12993
12998
13001
13002
13007
13009
13010
13013
13017
13022
13023
13026
13036
13038
13048
13052
13057
13058
13059
13061
13062
13065
13067
13070
13072
13074
13078
13080
13083
13112
13115
13120
13124
13125
13130
13141
13152
13153
13155
13161
13163
13171
13176
13177
13179
13182
13187
13212
13224
13225
13227
13237
13240
13241
13244
13257
13288
13292
13294
13296
13299
13304
13307
13316
13317
13330
13331
13337
13344
13358
13361
13362
13365
13367
13369
13373
13374
13376
13378
13382
13384
13385
13402
13404
13411
13417
13421
13426
13427
13458
13459
13465
13478
13489
13491
13492
13498
13506
13509
13510
13517
13524
13556
13558
13567
13570
13571
13572
13574
13576
13597
13599
13601
13603
13606
13610
13614
13615
13617
13618
13619
13621
13623
13626
13628
13629
13631
13632
13635
13637
13639
13644
13645
13653
13654
13674
13675
13677
13678
13693
13699
13703
13706
13707
13708
13721
13749
13752
13768
13769
13773
13774
13777
13778
13779
13782
13783
13788
13791
13808
13837
13850
13851
13852
13855
13856
13857
13859
13863
13866
13872
13873
13892
13906
13909
13911
13913
13919
13923
13928
13931
13937
13938
13945
13946
13947
13948
13956
13963
13966
13968
13976
13991
13992
13998
14001
14002
14006
14007
14008
14009
14015
14023
14025
14033
14035
14055
14056
14060
14065
14071
14079
14093
14102
14106
14107
14108
14112
14115
14118
14120
14123
14145
14154
14157
14165
14175
14179
14182
14183
14188
14206
14207
14223
14257
14290
14293
14302
14308
14309
14310
14312
14316
14319
14322
14326
14329
14330
14335
14341
14351
14354
14358
14361
14364
14367
14369
14370
14372
14374
14381
14382
14393
14396
14397
14398
14399
14403
14408
14409
14414
14417
14419
14420
14421
14423
14429
14432
14435
14438
14445
14448
14449
14450
14474
14480
14485
14488
14489
14490
14492
14493
14496
14498
14500
14502
14504
14506
14510
14512
14515
14517
14534
14535
14543
14548
14549
14550
14557
14558
14560
14565
14567
14570
14571
14575
14583
14584
14591
14593
14594
14609
14611
14619
14620
14621
14634
14639
14640
14657
14658
14673
14674
14682
14684
14699
14713
14715
14716
14718
14725
14742
14743
14746
14748
14749
14750
14757
14758
14769
14777
14778
14782
14783
14784
14785
14787
14793
14794
14800
14802
14805
14808
14827
14835
14839
14845
14848
14849
14852
14859
14860
14861
14866
14867
14877
14878
14883
14885
14893
14896
14902
14911
14915
14918
14925
14939
14945
14946
14956
14958
14963
14966
14970
14972
14982
14989
14990
14997
15000
15002
15009
15019
15024
15030
15032
15035
15044
15045
15049
15051
15055
15064
15074
15075
15079
15081
15084
15087
15099
15104
15106
15114
15118
15132
15133
15134
15149
15152
15155
15157
15160
15170
15174
15182
15192
15194
15195
15201
15202
15204
15205
15210
15211
15236
15241
15248
15250
15255
15256
15279
15280
15284
15291
15311
15312
15318
15321
15349
15353
15358
15359
15362
15365
15369
15373
15376
15380
15381
15385
15389
15395
15405
15408
15409
15414
15423
15424
15426
15428
15430
15442
15449
15450
15457
15463
15479
15484
15485
15489
15498
15517
15520
15521
15557
15558
15559
15565
15585
15587
15594
15596
15603
15604
15605
15617
15628
15642
15644
15651
15652
15662
15681
15700
15708
15710
15718
15723
15735
15736
15742
15758
15759
15760
15781
15784
15785
15788
15792
15799
15803
15807
15808
15814
15815
15817
15818
15819
15822
15827
15829
15831
15832
15834
15838
15840
15842
15848
15852
15853
15855
15860
15862
15864
15867
15872
15873
15874
15875
15876
15878
15880
15881
15890
15891
15907
15909
15914
15926
15927
15928
15930
15933
15935
15937
15938
15940
15949
15950
15958
15959
15992
16015
16016
16017
16033
16036
16038
16043
16044
16046
16047
16048
16051
16053
16059
16061
16063
16064
16065
16068
16077
16081
16084
16085
16086
16089
16090
16091
16114
16121
16122
16128
16136
16141
16142
16148
16154
16156
16158
16159
16166
16167
16169
16176
16177
16179
16180
16181
16182
16185
16190
16192
16196
16198
16200
16202
16203
16205
16209
16211
16212
16213
16217
16218
16219
16223
16224
16225
16226
16228
16234
16239
16245
16248
16251
16252
16253
16255
16256
16269
16271
16275
16276
16278
16280
16287
16293
16298
16306
16313
16330
16331
16333
16334
16335
16366
16368
16380
16382
16383
16385
16389
16390
16391
16398
16405
16411
16415
16419
16420
16422
16434
16436
16437
16438
16440
16449
16450
16455
16456
16462
16463
16471
16472
16480
16482
16487
16489
16490
16492
16495
16496
16497
16499
16501
16512
16513
16515
16520
16522
16523
16526
16528
16535
16537
16539
16540
16545
16546
16548
16549
16557
16559
16561
16566
16567
16570
16571
16572
16575
16578
16579
16584
16585
16586
16587
16593
16596
16598
16599
16608
16613
16636
16637
16640
16641
16643
16646
16647
16648
16653
16655
16656
16657
16662
16664
16667
16673
16674
16685
16692
16693
16694
16697
16699
16704
16711
16712
16713
16716
16717
16720
16724
16727
16728
16730
16733
16735
16737
16748
16751
16754
16756
16761
16762
16763
16768
16769
16771
16772
16774
16778
16786
16788
16790
16793
16795
16796
16800
16804
16806
16813
16814
16815
16816
16817
16819
16821
16823
16825
16834
16840
16842
16844
16846
16847
16850
16859
16863
16868
16880
16881
16884
16886
16896
16897
16898
16901
16902
16906
16907
16909
16912
16913
16915
16917
16925
16929
16932
16934
16957
16972
16973
16976
16977
16982
16985
16988
16990
16991
16993
16996
16998
17003
17004
17007
17008
17014
17019
17020
17021
17023
17026
17027
17030
17031
17032
17035
17039
17042
17045
17047
17049
17051
17059
17060
17061
17062
17063
17064
17066
17069
17071
17072
17075
17080
17081
17082
17084
17086
17087
17090
17095
17127
17128
17130
17134
17136
17138
17139
17142
17143
17144
17149
17150
17151
17152
17157
17158
17159
17165
17166
17167
17176
17178
17183
17184
17191
17194
17195
17196
17198
17200
17201
17204
17218
17219
17221
17222
17227
17230
17231
17236
17241
17254
17258
17259
17261
17262
17268
17281
17283
17284
17290
17291
17292
17293
17295
17302
17314
17316
17320
17325
17326
17327
17329
17330
17333
17340
17344
17345
17346
17347
17348
17354
17356
17366
17375
17378
17379
17380
17393
17394
17395
17397
17402
17419
17425
17436
17439
17441
17444
17447
17448
17449
17456
17458
17460
17463
17464
17465
17471
17474
17477
17481
17495
17499
17514
17525
17527
17528
17530
17535
17536
17540
17541
17542
17545
17548
17551
17552
17553
17556
17557
17558
17559
17561
17563
17566
17585
17589
17590
17595
17601
17606
17607
17609
17611
17613
17614
17615
17619
17621
17624
17625
17627
17630
17631
17632
17639
17640
17641
17642
17648
17650
17654
17655
17656
17658
17662
17666
17667
17671
17672
17673
17674
17681
17682
17683
17684
17687
17692
17704
17705
17709
17711
17713
17718
17721
17731
17733
17738
17739
17740
17751
17753
17754
17757
17758
17760
17763
17765
17767
17768
17769
17775
17778
17780
17781
17785
17786
17789
17791
17797
17800
17803
17804
17809
17810
17811
17816
17817
17821
17826
17828
17831
17842
17844
17848
17849
17850
17855
17858
17859
17862
17866
17873
17874
17875
17877
17885
17886
17887
17891
17894
17896
17898
17916
17918
17923
17924
17926
17935
17936
17937
17940
17944
17946
17949
17952
17953
17954
17955
17960
17963
17964
17965
17966
17969
17970
17971
17972
17973
17985
17990
17992
17996
17997
17998
18005
18007
18008
18009
18011
18013
18016
18018
18026
18029
18032
18034
18041
18044
18047
18048
18056
18060
18067
18087
18089
18093
18109
18119
18121
18123
18125
18141
18142
18146
18147
18148
18149
18151
18154
18155
18156
18160
18165
18166
18174
18189
18190
18193
18195
18198
18201
18202
18203
18207
18208
18209
18213
18217
18223
18226
18227
18233
18235
18254
18260
18269
18275
18276
18280
18282
18284
18292
18293
18294
18295
18299
18300
18308
18312
18313
18316
18317
18318
18326
18328
18331
18333
18334
18336
18337
18339
18343
18344
18350
18358
18360
18363
18365
18368
18369
18371
18375
18376
18377
18381
18383
18391
18392
18399
18405
18406
18408
18410
18412
18414
18416
18421
18427
18428
18431
18433
18434
18436
18442
18444
18449
18451
18454
18455
18456
18457
18460
18462
18463
18467
18471
18477
18479
18483
18484
18485
18487
18489
18492
18493
18497
18500
18502
18505
18507
18509
18510
18511
18514
18520
18522
18526
18527
18528
18531
18533
18535
18536
18538
18541
18546
18547
18549
18553
18555
18557
18561
18562
18569
18570
18571
18572
18579
18588
18589
18591
18592
18596
18597
18598
18599
18611
18626
18631
18632
18634
18635
18641
18642
18646
18648
18652
18653
18660
18663
18668
18679
18681
18682
18683
18689
18697
18698
18699
18700
18707
18708
18715
18719
18720
18723
18724
18731
18740
18743
18745
18746
18755
18758
18763
18765
18766
18767
18773
18779
18797
18806
18807
18809
18810
18811
18813
18818
18821
18831
18834
18853
18855
18861
18867
18868
18872
18874
18878
18894
18895
18896
18897
18899
18911
18913
18914
18921
18926
18929
18933
18946
18948
18949
18951
18953
18975
18981
18985
18988
18993
19001
19010
19023
19042
19056
19059
19060
19062
19063
19065
19067
19068
19071
19074
19076
19079
19081
19083
19084
19085
19092
19093
19094
19097
19098
19099
19101
19103
19106
19112
19127
19128
19129
19132
19134
19136
19137
19138
19140
19141
19148
19166
19167
19170
19195
19197
19203
19218
19220
19221
19228
19235
19239
19252
19256
19258
19259
19263
19265
19266
19270
19271
19277
19278
19279
19280
19283
19286
19291
19299
19329
19353
19356
19365
19370
19378
19388
19402
19405
19409
19410
19414
19422
19424
19425
19426
19429
19431
19434
19435
19436
19441
19450
19460
19462
19463
19477
19492
19494
19498
19499
19500
19521
19542
19544
19550
19557
19575
19583
19588
19592
19598
19601
19604
19611
19622
19624
19627
19628
19630
19634
19636
19643
19645
19658
19666
19668
19669
19680
19690
19692
19693
19700
19702
19705
19707
19711
19713
19714
19721
19726
19741
19751
19764
19781
19783
19788
19793
19801
19806
19809
19820
19822
19825
19826
19829
19830
19832
19834
19846
19852
19858
19860
19862
19864
19868
19871
19874
19876
19878
19879
19881
19882
19887
19889
19891
19892
19893
19901
19902
19904
19905
19907
19920
19923
19924
19925
19928
19929
19930
19933
19944
19946
19948
19958
19960
19962
19969
19970
19972
19976
19982
19986
19991
19992
19993
19994
20013
20025
20039
20040
20044
20046
20048
20061
20062
20064
20070
20075
20076
20085
20087
20090
20091
20092
20102
20103
20105
20106
20111
20122
20131
20139
20142
20147
20149
20153
20156
20158
20159
20162
20169
20173
20174
20176
20177
20180
20182
20186
20189
20190
20193
20197
20203
20211
20212
20227
20231
20232
20233
20238
20244
20245
20246
20250
20251
20259
20269
20279
20296
20301
20303
20310
20327
20328
20330
20331
20340
20341
20343
20348
20349
20351
20359
20360
20362
20365
20366
20370
20372
20375
20378
20384
20391
20402
20404
20410
20412
20413
20427
20428
20443
20446
20455
20461
20466
20468
20469
20470
20473
20478
20479
20480
20482
20483
20485
20488
20489
20491
20495
20496
20503
20504
20508
20514
20517
20533
20536
20537
20538
20541
20542
20552
20553
20558
20559
20561
20567
20575
20576
20588
20589
20598
20602
20605
20606
20619
20622
20625
20629
20630
20633
20634
20635
20636
20641
20646
20647
20651
20653
20654
20655
20658
20662
20664
20667
20672
20674
20675
20676
20677
20679
20690
20697
20698
20700
20706
20708
20711
20712
20714
20716
20717
20718
20721
20726
20728
20729
20730
20732
20737
20742
20745
20760
20765
20767
20772
20773
20774
20778
20780
20783
20784
20785
20788
20790
20800
20805
20822
20831
20834
20835
20839
20850
20851
20852
20861
20866
20867
20871
20878
20889
20891
20894
20895
20897
20903
20910
20911
20912
20917
20919
20931
20952
20960
20962
20967
20970
20971
20974
20975
20981
20982
20984
20990
20993
20998
20999
21002
21004
21005
21007
21013
21018
21026
21030
21034
21039
21044
21047
21050
21051
21052
21053
21054
21059
21062
21064
21065
21067
21069
21071
21072
21074
21089
21108
21111
21121
21122
21126
21128
21131
21134
21138
21141
21146
21161
21164
21181
21183
21184
21186
21187
21188
21190
21200
21202
21208
21209
21214
21222
21223
21225
21226
21239
21242
21245
21247
21256
21267
21268
21269
21281
21299
21300
21301
21305
21313
21315
21317
21318
21324
21326
21329
21333
21368
21370
21373
21379
21382
21383
21386
21387
21390
21392
21393
21394
21405
21409
21414
21415
21417
21418
21419
21420
21426
21433
21443
21451
21454
21459
21460
21466
21471
21473
21474
21475
21482
21483
21498
21499
21500
21501
21517
21549
21550
21551
21559
21560
21561
21565
21568
21569
21571
21572
21596
21604
21616
21617
21624
21625
21627
21628
21632
21635
21638
21640
21648
21652
21653
21655
21665
21674
21675
21688
21689
21690
21691
21696
21700
21701
21705
21710
21711
21712
21716
21718
21720
21724
21735
21744
21754
21755
21762
21764
21766
21767
21769
21771
21774
21777
21779
21790
21792
21794
21796
21803
21812
21814
21818
21824
21827
21831
21832
21836
21837
21841
21854
21856
21858
21872
21873
21875
21877
21878
21882
21893
21904
21925
21929
21930
21934
21936
21937
21942
21943
21944
21950
21952
21954
21957
21980
21981
21982
21983
21986
21989
21993
21995
21999
22006
22009
22011
22012
22014
22017
22018
22019
22027
22032
22034
22039
22040
22042
22044
22046
22066
22077
22078
22080
22084
22086
22089
22101
22105
22127
22128
22129
22132
22133
22134
22177
22185
22187
22188
22193
22201
22213
22215
22222
22223
22226
22228
22229
22235
22237
22241
22250
22252
22255
22259
22261
22274
22275
22276
22281
22284
22300
22301
22316
22319
22320
22322
22324
22332
22341
22343
22349
22350
22361
22362
22366
22368
22374
22376
22381
22384
22388
22410
22411
22418
22422
22424
22426
22437
22439
22454
22458
22461
22462
22464
22471
22473
22475
22477
22482
22484
22487
22494
22505
22506
22513
22514
22517
22518
22523
22526
22527
22528
22530
22531
22534
22535
22537
22541
22542
22543
22546
22551
22555
22562
22565
22568
22571
22572
22580
22591
22594
22595
22597
22599
22600
22602
22608
22609
22611
22612
22614
22615
22616
22618
22619
22620
22621
22625
22626
22627
22628
22632
22633
22641
22643
22644
22645
22646
22648
22659
22668
22669
22671
22672
22673
22674
22681
22683
22684
22686
22695
22696
22697
22698
22703
22704
22706
22707
22713
22714
22715
22718
22723
22726
22733
22734
22735
22736
22745
22749
22752
22758
22760
22765
22767
22770
22775
22779
22781
22782
22785
22786
22787
22788
22789
22792
22793
22796
22800
22801
22802
22804
22806
22807
22814
22816
22838
22839
22840
22846
22848
22851
22853
22854
22861
22863
22866
22872
22883
22896
22899
22914
22924
22930
22931
22933
22934
22939
22940
22941
22944
22967
22977
22978
22979
22992
22995
22997
23000
23003
23004
23007
23013
23014
23016
23017
23023
23025
23026
23038
23072
23073
23074
23076
23078
23079
23080
23081
23082
23083
23084
23085
23088
23090
23091
23092
23094
23095
23096
23105
23106
23109
23111
23113
23117
23123
23124
23125
23126
23131
23138
23141
23147
23148
23149
23151
23152
23154
23156
23161
23165
23167
23171
23173
23186
23192
23197
23199
23205
23207
23208
23216
23219
23221
23226
23227
23234
23235
23236
23239
23242
23249
23260
23262
23263
23264
23266
23274
23275
23283
23286
23288
23309
23312
23313
23314
23315
23318
23319
23320
23321
23322
23324
23327
23328
23332
23334
23335
23336
23338
23339
23345
23346
23347
23355
23358
23359
23363
23370
23374
23375
23382
23383
23384
23385
23386
23391
23413
23418
23427
23436
23438
23445
23450
23457
23458
23459
23461
23469
23481
23491
23495
23499
23502
23503
23504
23505
23506
23508
23509
23523
23527
23528
23536
23537
23541
23542
23543
23544
23546
23549
23554
23565
23566
23567
23572
23575
23577
23579
23580
23582
23583
23585
23588
23592
23594
23595
23596
23601
23608
23616
23618
23622
23623
23624
23626
23627
23631
23632
23634
23636
23637
23639
23640
23641
23642
23643
23646
23648
23654
23664
23674
23687
23688
23698
23701
23702
23703
23704
23705
23711
23713
23719
23729
23730
23732
23733
23747
23759
23760
23776
23792
23796
23802
23811
23812
23813
23820
23826
23831
23835
23837
23846
23864
23870
23872
23885
23889
23892
23893
23895
23906
23907
23911
23912
23913
23915
23917
23921
23922
23936
23937
23939
23942
23943
23947
23948
23950
23959
23960
23968
23978
23979
23980
23982
23983
23984
23987
23995
24002
24003
24004
24011
24020
24028
24030
24032
24035
24038
24042
24049
24054
24060
24061
24069
24073
24074
24075
24077
24088
24093
24094
24095
24098
24101
24103
24111
24114
24115
24117
24119
24136
24137
24153
24154
24163
24165
24170
24185
24188
24191
24197
24199
24205
24213
24215
24220
24222
24223
24226
24232
24244
24272
24274
24276
24278
24281
24290
24293
24294
24295
24304
24305
24309
24311
24317
24318
24331
24332
24337
24338
24340
24341
24343
24347
24353
24354
24356
24358
24362
24364
24369
24372
24373
24374
24380
24382
24393
24397
24399
24404
24405
24406
24407
24412
24414
24415
24419
24420
24421
24425
24426
24433
24436
24438
24439
24441
24444
24452
24463
24466
24470
24471
24472
24479
24480
24483
24487
24489
24490
24500
24503
24505
24512
24521
24524
24527
24529
24533
24560
24562
24564
24566
24567
24570
24572
24577
24579
24581
24585
24596
24603
24604
24605
24610
24615
24618
24621
24625
24626
24628
24629
24630
24631
24633
24635
24644
24645
24646
24647
24648
24649
24651
24653
24656
24657
24659
24661
24663
24665
24667
24668
24672
24675
24676
24679
24683
24684
24693
24695
24700
24701
24704
24727
24738
24740
24759
24761
24765
24771
24774
24775
24776
24790
24797
24799
24803
24806
24809
24815
24821
24822
24828
24831
24832
24833
24834
24838
24839
24847
24848
24855
24856
24858
24882
24884
24890
24901
24902
24905
24907
24908
24912
24923
24924
24925
24927
24930
24932
24934
24936
24943
24949
24958
24962
24966
24972
24980
24985
24988
24989
24995
24998
25015
25017
25020
25023
25030
25033
25040
25041
25042
25052
25058
25062
25064
25086
25110
25111
25116
25122
25124
25125
25130
25131
25135
25136
25140
25144
25149
25152
25155
25159
25167
25175
25183
25190
25191
25192
25193
25194
25202
25207
25213
25217
25220
25223
25226
25227
25228
25230
25232
25236
25254
25279
25285
25304
25314
25331
25338
25358
25359
25366
25397
25399
25401
25403
25406
25407
25424
25425
25428
25429
25433
25434
25455
25463
25475
25477
25482
25494
25501
25512
25513
25518
25521
25549
25550
25558
25568
25574
25578
25581
25582
25584
25585
25591
25593
25594
25613
25617
25619
25643
25647
25673
25676
25678
25679
25680
25681
25682
25685
25692
25698
25700
25707
25712
25716
25720
25721
25724
25725
25733
25737
25743
25751
25753
25754
25757
25759
25767
25770
25771
25772
25780
25782
25784
25788
25789
25796
25799
25801
25810
25813
25837
25840
25855
25866
25870
25873
25874
25875
25880
25883
25885
25886
25893
25896
25906
25922
25941
25959
25961
25962
25969
25992
25993
25998
26002
26005
26010
26012
26016
26027
26028
26030
26032
26040
26041
26054
26056
26059
26073
26084
26086
26092
26093
26102
26121
26122
26131
26133
26141
26144
26145
26177
26188
26189
26193
26200
26202
26206
26207
26209
26211
26222
26223
26226
26236
26238
26242
26244
26246
26247
26256
26257
26258
26267
26272
26279
26280
26295
26302
26303
26304
26308
26310
26312
26313
26314
26315
26320
26326
26329
26333
26334
26339
26352
26355
26356
26360
26363
26364
26365
26368
26369
26370
26394
26395
26400
26401
26412
26417
26430
26450
26453
26455
26480
26484
26485
26488
26492
26501
26508
26509
26511
26514
26515
26525
26529
26540
26544
26561
26575
26578
26579
26581
26603
26617
26618
26621
26626
26635
26638
26639
26644
26646
26649
26653
26668
26672
26673
26676
26678
26679
26709
26711
26712
26720
26750
26757
26761
26763
26764
26767
26773
26774
26775
26785
26787
26815
26824
26836
26837
26838
26842
26844
26850
26851
26858
26860
26861
26863
26866
26883
26894
26896
26908
26911
26919
26927
26937
26938
26959
26964
26966
26967
26968
26969
26973
26977
26978
26981
26982
26984
26999
27003
27009
27010
27014
27018
27031
27034
27035
27037
27038
27040
27041
27043
27050
27053
27054
27057
27084
27087
27091
27092
27095
27096
27100
27104
27110
27112
27117
27121
27123
27124
27135
27136
27144
27150
27151
27152
27154
27188
27193
27199
27202
27206
27207
27208
27210
27211
27213
27214
27238
27245
27261
27264
27265
27276
27286
27298
27299
27300
27301
27303
27306
27307
27310
27323
27324
27331
27338
27342
27358
27359
27371
27383
27385
27393
27396
27421
27443
27452
27454
27456
27496
27507
27510
27514
27515
27516
27517
27584
27611
27634
27643
27651
27670
27672
27675
27677
27689
27697
27701
27712
27716
27717
27718
27723
27735
27736
27740
27741
27744
27745
27747
27748
27749
27750
27753
27754
27755
27764
27766
27773
27774
27781
27789
27791
27800
27805
27811
27813
27816
27819
27820
27821
27822
27824
27825
27835
27842
27847
27849
27850
27851
27852
27854
27856
27864
27872
27881
27887
27889
27890
27896
27897
27899
27900
27902
27903
27905
27921
27922
27927
27939
27941
27943
27947
27958
27974
27978
27983
27985
27986
27991
27997
27999
28004
28009
28011
28012
28017
28020
28030
28031
28036
28037
28048
28049
28055
28056
28059
28062
28066
28071
28073
28083
28093
28094
28105
28126
28135
28136
28145
28146
28151
28160
28163
28164
28167
28209
28210
28211
28214
28215
28216
28224
28225
28227
28231
28241
28242
28254
28256
28257
28258
28259
28260
28290
28293
28294
28301
28302
28308
28309
28310
28311
28329
28333
28346
28353
28356
28361
28380
28382
28396
28397
28398
28400
28402
28403
28415
28417
28418
28419
28420
28422
28425
28426
28429
28433
28437
28443
28444
28451
28465
28468
28470
28474
28482
28485
28488
28490
28501
28505
28506
28508
28510
28511
28513
28514
28524
28526
28533
28535
28537
28540
28541
28542
28545
28546
28569
28575
28587
28591
28603
28604
28615
28617
28623
28629
28633
28634
28650
28651
28652
28656
28657
28661
28662
28666
28677
28681
28683
28685
28690
28697
28698
28700
28701
28702
28706
28711
28712
28736
28741
28753
28758
28762
28770
28771
28784
28788
28789
28792
28793
28794
28796
28797
28799
28801
28816
28826
28828
28829
28830
28833
28834
28835
28836
28837
28838
28839
28844
28845
28846
28847
28848
28849
28850
28851
28854
28855
28858
28861
28891
28898
28899
28901
28905
28907
28913
28914
28916
28917
28918
28921
28922
28928
28930
28931
28933
28937
28941
28942
28944
28947
28948
28952
28956
28958
28959
28960
28963
28967
28968
28969
28971
28974
28981
28983
28996
28997
29004
29005
29009
29013
29014
29017
29027
29032
29033
29038
29039
29042
29049
29052
29055
29060
29068
29080
29081
29082
29087
29097
29105
29119
29120
29121
29130
29156
29157
29159
29166
29189
29190
29195
29206
29220
29228
29229
29231
29255
29276
29278
29309
29339
29340
29341
29348
29361
29378
29392
29396
29420
29439
29453
29455
29461
29469
29470
29473
29474
29478
29483
29490
29492
29498
29508
29512
29513
29525
29530
29532
29535
29537
29542
29545
29549
29554
29556
29560
29562
29569
29576
29582
29591
29594
29600
29611
29613
29615
29625
29628
29629
29636
29644
29649
29654
29658
29660
29661
29662
29668
29669
29673
29680
29682
29685
29686
29688
29690
29706
29712
29735
29738
29742
29745
29747
29749
29750
29754
29771
29772
29773
29775
29777
29793
29794
29798
29800
29801
29803
29808
29822
29825
29826
29830
29834
29837
29841
29844
29845
29846
29850
29852
29864
29869
29892
29901
29903
29908
29910
29911
29925
29934
29935
29936
29937
29949
29951
29954
29955
29957
29958
29959
29967
29969
29971
29975
29976
29982
29985
29988
29989
30005
30010
30011
30012
30019
30027
30032
30037
30039
30045
30050
30051
30053
30066
30074
30085
30089
30103
30104
30106
30107
30112
30120
30122
30123
30124
30127
30133
30144
30151
30152
30156
30160
30191
30198
30212
30214
30217
30229
30237
30240
30244
30246
30253
30259
30265
30266
30273
30275
30292
30293
30294
30295
30315
30327
30359
30363
30376
30379
30385
30388
30396
30397
30398
30399
30400
30413
30417
30420
30426
30427
30428
30429
30430
30435
30439
30448
30452
30453
30458
30462
30465
30466
30470
30474
30484
30485
30486
30497
30499
30502
30508
30524
30532
30539
30545
30553
30562
30565
30570
30574
30579
30587
30588
30599
30620
30621
30645
30653
30672
30676
30691
30738
30742
30743
30771
30795
30809
30833
30842
30843
30855
30856
30857
30858
30864
30865
30867
30868
30869
30875
30876
30877
30879
30898
30902
30905
30907
30908
30909
30910
30912
30913
30914
30917
30918
30921
30928
30933
30938
30944
30971
30974
30983
30984
30996
30997
30998
30999
31000
31013
31015
31016
31017
31018
31037
31040
31044
31064
31067
31082
31083
31089
31093
31099
31100
31102
31104
31106
31119
31120
31126
31128
31133
31136
31181
31187
31189
31192
31220
31233
31253
31260
31268
31289
31310
31311
31344
31354
31355
31356
31357
31375
31376
31385
31388
31406
31421
31432
31447
31458
31459
31460
31465
31468
31476
31514
31520
31521
31524
31529
31531
31538
31540
31545
31555
31566
31567
31568
31572
31582
31584
31591
31608
31644
31645
31650
31651
31652
31661
31663
31664
31668
31678
31687
31708
31741
31744
31750
31762
31772
31785
31807
31812
31820
31836
31839
31859
31860
31875
31881
31885
31890
31897
31898
31900
31911
31929
31930
31933
31937
31943
31946
31947
31949
31962
31964
31980
31988
31990
31991
32018
32022
32028
32029
32035
32051
32056
32057
32062
32065
32067
32070
32071
32077
32079
32081
32084
32097
32098
32099
32100
32101
32112
32113
32114
32115
32116
32122
32128
32133
32134
32140
32141
32142
32153
32154
32156
32158
32161
32163
32164
32166
32167
32172
32178
32181
32191
32193
32194
32208
32213
32219
32231
32233
32234
32239
32248
32265
32267
32268
32275
32277
32279
32293
32295
32304
32321
32331
32335
32336
32337
32351
32353
32357
32363
32364
32365
32366
32367
32370
32376
32378
32381
32387
32424
32429
32479
32485
32486
32509
32510
32511
32513
32514
32515
32536
32537
32549
32551
32556
32567
32569
32573
32577
32582
32597
32598
32601
32609
32610
32613
32614
32631
32633
32635
32639
32640
32641
32644
32646
32651
32652
32660
32661
32662
32665
32666
32667
32669
32670
32676
32678
32681
32690
32695
32703
32704
32705
32708
32710
32711
32714
32716
32717
32721
32722
32726
32729
32735
32750
32755
32760
32763
32764
32781
32785
32792
32795
32797
32799
32804
32812
32823
32828
32830
32831
32833
32834
32845
32847
32848
32849
32850
32851
32852
32861
32871
32875
32876
32877
32887
32888
32889
32892
32896
32900
32903
32906
32908
32912
32917
32918
32919
32921
32928
32933
32935
32938
32940
32946
32951
32952
32954
32955
32956
32973
32974
32978
32980
32982
32994
32995
32999
33001
33003
33006
33007
33008
33011
33021
33023
33033
33034
33036
33046
33049
33073
33085
33095
33096
33098
33099
33102
33103
33105
33109
33110
33114
33116
33121
33123
33126
33132
33133
33134
33135
33151
33154
33172
33183
33185
33187
33188
33193
33196
33198
33202
33204
33205
33210
33211
33212
33213
33215
33218
33220
33222
33228
33234
33236
33237
33245
33251
33265
33266
33268
33271
33273
33278
33283
33284
33285
33286
33291
33292
33295
33300
33302
33303
33304
33307
33310
33314
33317
33319
33321
33322
33328
33333
33335
33338
33343
33346
33349
33361
33368
33380
33389
33393
33394
33400
33401
33402
33404
33407
33410
33411
33417
33421
33424
33433
33434
33435
33447
33456
33469
33472
33490
33491
33493
33494
33500
33504
33509
33510
33511
33513
33521
33526
33543
33555
33559
33562
33574
33577
33583
33589
33600
33602
33603
33604
33606
33609
33611
33612
33633
33634
33637
33649
33650
33655
33657
33668
33674
33675
33678
33679
33680
33683
33693
33698
33699
33707
33714
33715
33726
33737
33748
33755
33757
33758
33759
33764
33768
33779
33781
33784
33786
33787
33794
33797
33804
33808
33809
33813
33815
33819
33821
33823
33831
33832
33834
33838
33839
33840
33841
33842
33843
33844
33848
33853
33855
33856
33857
33879
33880
33881
33883
33885
33889
33891
33896
33897
33898
33899
33900
33902
33913
33916
33918
33927
33928
33931
33934
33935
33936
33937
33939
33945
33954
33955
33957
33958
33963
33968
33970
33971
33973
33974
33980
33986
33987
33989
33991
33994
33997
34000
34007
34008
34011
34022
34023
34024
34027
34031
34032
34040
34045
34054
34059
34068
34069
34071
34075
34077
34079
34089
34090
34092
34105
34108
34109
34114
34118
34119
34120
34122
34123
34124
34135
34144
34149
34155
34160
34182
34185
34186
34189
34197
34198
34203
34204
34210
34219
34225
34227
34244
34256
34266
34271
34276
34278
34279
34291
34301
34318
34320
34321
34322
34338
34356
34366
34368
34375
34377
34382
34387
34412
34423
34442
34451
34469
34474
34490
34504
34505
34506
34515
34517
34518
34531
34542
34551
34555
34556
34558
34559
34560
34563
34565
34569
34570
34572
34576
34579
34581
34582
34587
34589
34594
34595
34596
34599
34605
34606
34621
34622
34634
34635
34649
34653
34657
34658
34662
34667
34680
34690
34692
34693
34694
34696
34697
34709
34710
34713
34714
34717
34734
34747
34751
34752
34771
34773
34783
34785
34787
34790
34796
34797
34804
34805
34809
34814
34827
34828
34847
34850
34852
34857
34871
34878
34882
34884
34890
34896
34907
34909
34916
34919
34920
34921
34927
34930
34931
34932
34942
34945
34946
34947
34950
34971
34972
34973
34979
34980
34986
34987
34996
35000
35001
35002
35005
35016
35019
35029
35032
35033
35034
35036
35038
35041
35043
35044
35045
35046
35047
35049
35052
35053
35057
35060
35061
35062
35065
35072
35077
35078
35085
35086
35087
35088
35093
35094
35097
35098
35103
35108
35116
35117
35123
35124
35132
35140
35142
35144
35150
35155
35157
35158
35161
35164
35165
35173
35176
35177
35179
35181
35185
35190
35192
35193
35195
35196
35200
35204
35205
35211
35218
35219
35229
35235
35244
35246
35250
35251
35252
35253
35256
35259
35260
35262
35265
35267
35272
35275
35282
35291
35301
35304
35306
35307
35311
35312
35313
35318
35319
35320
35321
35328
35335
35336
35337
35348
35361
35363
35367
35368
35371
35378
35379
35386
35388
35396
35399
35404
35406
35409
35417
35421
35422
35423
35426
35429
35430
35433
35442
35444
35445
35446
35466
35472
35474
35477
35478
35480
35488
35490
35498
35501
35506
35507
35509
35517
35518
35521
35533
35535
35548
35551
35552
35560
35564
35568
35570
35578
35579
35592
35615
35616
35620
35622
35627
35638
35639
35640
35641
35642
35647
35652
35657
35660
35670
35682
35686
35687
35689
35693
35695
35698
35699
35704
35706
35712
35714
35716
35720
35721
35722
35731
35732
35733
35740
35742
35748
35749
35750
35758
35760
35761
35764
35777
35778
35782
35783
35790
35806
35808
35810
35813
35819
35832
35839
35846
35852
35853
35858
35859
35860
35861
35864
35873
35875
35884
35887
35888
35890
35892
35897
35910
35924
35926
35929
35934
35957
36034
36042
36043
36048
36056
36069
36072
36092
36093
36094
36099
36100
36117
36125
36152
36153
36155
36156
36159
36166
36172
36182
36183
36185
36187
36188
36190
36191
36203
36205
36206
36207
36209
36239
36241
36242
36243
36270
36271
36281
36341
36364
36374
36386
36387
36400
36401
36409
36412
36417
36419
36422
36492
36506
36507
36509
36511
36526
36532
36533
36541
36544
36545
36547
36548
36549
36550
36552
36565
36567
36576
36578
36599
36601
36605
36616
36618
36621
36630
36636
36654
36714
36726
36727
36729
36730
36765
36781
36782
36803
36815
36816
36821
36822
36825
36826
36829
36839
36844
36845
36849
36851
36852
36858
36860
36863
36864
36867
36870
36871
36872
36874
36876
36880
36882
36884
36886
36887
36889
36891
36898
36901
36903
36909
36910
36918
36919
36922
36924
36925
36928
36929
36931
36934
36935
36936
36938
36939
36940
36942
36943
36944
36950
36951
36954
36955
36957
36958
36960
36963
36965
36974
36976
36979
36982
36989
36991
36992
36995
36996
36997
37001
37002
37011
37015
37042
37052
37054
37065
37068
37073
37075
37076
37077
37082
37083
37088
37090
37095
37096
37098
37100
37102
37106
37107
37109
37120
37122
37133
37138
37139
37141
37142
37143
37144
37145
37146
37148
37150
37158
37161
37168
37169
37170
37171
37175
37179
37180
37181
37184
37190
37196
37197
37198
37199
37204
37205
37208
37211
37212
37214
37215
37216
37221
37222
37224
37226
37229
37230
37233
37240
37242
37243
37244
37247
37252
37253
37259
37260
37261
37263
37264
37267
37268
37274
37275
37290
37295
37298
37299
37300
37305
37306
37326
37335
37338
37341
37342
37343
37344
37345
37346
37347
37348
37350
37353
37354
37355
